171222
485928
569556
156237
197376
131046
232884
663036
325143
175620
47538
132195
48780
41100
520983
74754
163806
117027
88074
248844
522480
361992
105243
54624
79344
482265
338937
185166
76086
499419
60615
66393
166284
85707
192042
181662
387468
33804
294450
432063
212634
20016
346449
77733
625464
56193
206382
458085
288129
325701
186438
551538
62700
1107
251691
300060
211905
412611
53901
103383
160119
140397
101124
30960
366153
128250
225864
396594
214422
139572
26856
602649
363816
224541
1194
191775
33291
22818
285129
326013
136536
200304
636714
88902
105744
214596
303951
244599
213915
182901
438297
578193
389619
396138
579513
129069
447021
523071
549234
243594
48759
43758
400695
98895
484077
119232
118497
146205
597234
176445
136725
385296
467298
231696
254334
112158
79902
333828
571653
53811
379980
136716
301686
239211
215082
165375
458742
203403
139896
662544
151539
321855
46953
41967
71850
388377
230922
27723
688128
121614
250389
342732
87255
369843
207573
341727
61254
250776
272904
206397
472722
96480
143544
352887
57762
33687
517803
396369
20985
375654
522042
3642
173493
79029
30414
54126
35286
547203
252390
394707
450504
187533
370542
322866
105849
527025
456399
88851
4173
152028
123534
33333
177147
310878
25494
564381
151263
125820
221166
86346
209829
6435
147744
179262
72918
59643
405225
179889
487347
401037
54093
89058
485355
269868
36660
378069
236433
138654
35793
6087
463698
168810
13158
323091
652371
416817
21273
666609
14589
137838
147663
361779
529878
256056
237303
95544
329355
84195
233478
188865
388944
397956
339078
182928
523974
153654
191166
205962
321705
222849
285405
263529
600540
106341
187749
316875
475191
411948
165558
586368
240246
150804
47106
413181
558297
77379
65373
502617
135663
47106
309609
290127
502302
504867
86172
130347
214113
22140
357741
93636
226257
163170
359586
104301
75312
29229
148335
122658
33807
123264
71670
251406
172353
226434
313848
191763
252513
636069
51858
434088
545343
95121
262302
126696
295977
394086
168762
316908
355365
160371
460578
158142
347193
321921
134055
71109
596421
187398
96948
138387
326331
237399
229716
286713
391554
314874
248577
359955
469614
521004
199035
84150
49545
189888
186858
31581
116325
504534
582480
166986
509076
49425
370647
379584
293253
534039
222702
7251
37437
466560
48447
191556
4689
173871
101994
39387
417486
254994
498681
144156
112944
89730
332802
254109
205236
304929
245967
299169
302220
399189
485217
25803
133761
133731
25884
135045
316230
441075
499593
231030
469107
374784
148893
281754
481968
297387
108150
725562
76779
342075
159102
251553
72279
269838
251253
289479
579276
505818
91089
73890
63000
32823
171717
371322
499467
257214
136638
195261
75432
92265
57870
496455
58971
93465
241950
161037
23676
6285
39495
106173
385908
36564
2646
474363
343722
201234
305082
453099
271710
338580
280647
4302
216525
410208
58122
248133
540012
192462
110196
100443
23406
730512
258699
20694
116172
112539
78387
12453
193968
301593
56124
208689
378027
16464
178851
243882
66825
36855
63279
360168
35535
300684
127314
528030
355878
531318
87012
57774
66516
270072
238266
239856
299664
182160
185574
21522
193689
222207
40167
474168
190974
164895
122748
274761
74760
441963
107529
89121
618324
420417
210054
142197
285966
223857
419325
291972
91560
87393
118260
73332
34374
105426
442767
325920
31059
488403
512676
377796
16122
76041
257229
43551
313911
189702
110322
177177
134289
112284
191511
285495
50061
511746
115515
48462
256572
623952
151434
238113
253782
270474
364080
68589
270813
415548
570459
200601
32967
290856
267147
474348
616293
279237
479568
230916
151914
161757
209100
412335
433377
493617
109608
468612
284973
78651
157284
292419
240279
163365
149040
586467
381123
104301
41652
149574
106734
421293
196242
510162
489003
46416
231951
186123
465765
155091
291042
44364
367620
479721
17856
169704
9297
422445
644634
275985
196812
167823
485934
257841
367818
67173
536283
415314
238764
7599
195210
549975
271386
216387
476100
396792
55227
65547
152568
256437
178911
273705
2079
78069
76032
543996
333234
500400
53583
102468
27009
269550
251001
40257
105480
568398
273021
302031
95526
26694
19827
581007
253467
24336
221697
113184
393426
77133
304194
30573
563184
107334
169092
236238
412845
541968
214482
52641
152703
232596
170370
60051
562239
297840
68247
139149
384384
306561
293319
231036
701763
450240
177633
337704
127800
55173
86115
255552
258540
642564
221043
138339
48417
143973
432288
428166
152958
101061
278415
85608
445179
435123
84351
83022
313110
17685
519234
710847
200772
228660
42585
416676
205896
331665
126243
3732
10458
92388
340389
438183
107532
179514
598356
43686
292530
231975
11241
597312
16110
471807
456036
59283
239721
529764
275868
543510
114963
11340
57456
163503
179700
292521
173904
340200
210960
287013
707298
333387
167400
159372
95391
395652
164307
608301
541017
374688
465318
145359
204957
502434
425772
40905
14409
538380
285543
112275
68520
411273
420684
153042
418122
195183
95964
404598
324120
168858
206091
456558
215370
356652
159621
503640
139230
535467
36090
87774
371616
319356
530904
207840
624654
220263
148707
232092
484998
137457
137433
310221
245709
258300
70587
355932
298152
265008
261639
31581
189477
129195
443490
109854
14766
307206
58104
21411
102672
101283
352098
591156
314928
361836
23667
558480
114846
551835
262089
62757
158886
194580
5922
70716
433287
257580
172836
54270
317856
486792
2133
582255
4308
622404
350145
351672
346662
429996
17307
322362
364977
234054
268668
26214
231651
460956
64563
188703
119709
349296
423501
52206
15084
66213
365850
311067
159582
230109
411936
33651
35955
133596
583731
290424
23433
184326
98379
129036
567468
278313
79536
80946
398277
45276
377424
158946
330621
533481
162459
300057
149013
284133
229374
337248
134445
488556
424353
249234
147096
4839
5817
273978
225126
146454
180261
12942
33621
182319
370974
270189
35838
166869
462042
437046
295218
250401
120990
108531
642111
79701
250401
209232
133713
69855
30402
590400
450594
535356
161712
25416
93384
253314
515280
411996
596637
420105
280584
202770
38268
390594
156939
623685
287730
15669
81138
351000
153003
25551
50085
69399
95733
230127
95958
12723
277281
619794
89991
272256
533223
17790
363591
96486
250515
297192
314478
680733
491697
56682
280857
427062
223377
156795
291588
444015
94365
55893
161847
321732
297288
385764
285945
358101
49257
190212
209475
103008
466701
220419
149457
542430
65466
200127
523314
36384
261114
419166
219285
221916
35811
482862
167220
242100
173133
74994
485649
38277
48456
45648
533985
74523
232164
308760
107601
506223
325482
618063
354747
523074
111498
137772
209715
72144
387585
95265
121734
533106
322794
427749
261918
246297
24372
320037
438492
307521
192954
71457
403881
406308
82926
391749
488118
495342
208179
1635
77595
45603
34128
342267
158688
158121
88047
353565
359829
513072
557355
59625
390972
581331
50844
51021
178128
515634
652410
434484
175905
31062
388230
106032
323010
476556
52392
224910
413541
211029
115308
214974
465018
594906
256755
70398
46887
475092
257778
503712
8343
327258
253935
563169
323136
217389
147060
81534
285732
346290
57417
586551
115155
56172
145086
642771
24051
45549
402048
621090
216588
93693
239568
94341
30258
216675
2808
181890
458688
170247
424044
200133
191592
468123
391527
180954
660165
619392
110232
381
89220
167544
468513
502095
281262
197118
59757
52146
436545
67077
544410
356373
128115
228321
385020
91485
561285
37359
175086
76572
1638
39714
40722
176820
77547
198606
65214
71145
269892
314928
18882
317520
153540
296586
142047
73092
47904
65169
178371
101982
423342
129258
223314
270312
319593
340281
286095
283914
373392
341211
309144
583614
234117
68070
151272
92781
185400
635634
448488
393993
435522
32709
212862
434655
21786
73701
42057
242928
15738
599679
359076
477990
666036
419040
122616
96513
268602
418860
1356
232308
467169
475263
162027
256230
55077
113994
25527
239952
221718
513027
395667
290820
84321
401058
237594
148125
387306
72651
549507
269217
589155
309915
105222
68841
375318
384126
306
107577
109719
213957
158061
433563
561387
118566
142911
183912
363585
347613
145548
468240
6642
149616
112998
275385
63228
662598
16572
305133
42705
45270
57036
439530
277965
525624
251313
404790
286065
479775
7092
293598
2007
228558
533616
233064
449322
367884
547422
423900
130944
111426
118278
412110
123741
80163
47160
119241
159693
251457
241236
549864
182958
96501
82704
286989
33237
64611
217593
317376
166356
110592
264999
357660
162489
468453
667509
107889
93288
376650
79443
99036
13851
323463
572445
438921
118629
86631
263403
277821
678030
232470
20907
349473
148203
501366
431253
178515
138492
70953
429789
35856
469578
24306
171933
17223
209028
399702
2031
473538
458802
169446
401298
488319
336501
518241
425511
175413
214341
401856
176184
238365
42027
21723
132651
705087
14013
295068
139791
37731
165876
27552
342882
2247
545598
344298
131745
246972
294786
313056
259830
403953
24912
165663
294669
540981
209907
145455
25752
489762
588540
306648
228768
439416
67332
19602
276726
321357
327060
270414
347325
578946
234849
58875
167769
527901
231210
15285
418500
18291
65232
130833
366507
119205
336714
59775
97911
65502
477900
471222
366582
339213
332214
278334
670338
179094
446502
15420
196065
350106
55134
244611
119703
66222
129351
41082
42078
29040
50040
440262
15165
48231
52332
69777
414891
330582
34005
136260
232902
24090
625842
84303
24384
409251
113505
248004
333936
199560
59481
475011
108573
412425
306210
31434
359424
139713
326727
133092
52860
10872
186462
16737
15243
149844
79389
32193
228186
354789
43731
554571
318456
275184
376938
314280
126576
446916
597918
414675
145752
505452
168789
398907
512802
387522
296211
382980
178974
297453
595734
117132
295290
456507
296712
222114
215079
166437
2781
505614
473517
154503
11604
50634
79191
145923
71730
214380
275211
116100
346812
141639
62817
7725
211740
98619
106830
224538
49581
954
78951
201384
227880
468384
357363
179970
217602
178713
54045
164397
178500
115026
85119
529956
212139
473136
343665
368016
114981
615
35013
36588
279243
367623
99411
264309
140070
123792
123846
81117
96537
455418
167895
500679
35415
74727
437892
13740
39033
4239
449937
484461
159285
392958
6570
163395
199521
410856
300888
31248
378648
417213
452745
23970
226842
70650
400155
69753
59853
52461
230829
645225
303990
369405
63801
197712
122094
93411
98487
9666
54765
506403
300852
110178
280827
275493
193686
39276
19161
100782
404910
287271
142875
357984
129246
514905
128817
228186
252591
137412
110589
666216
374526
379395
52320
87138
597735
156627
83592
219600
169341
350235
177825
86598
356073
111852
661590
237195
467571
105561
426147
36108
120156
565947
284868
38097
348891
347319
12270
242643
151191
235035
281436
120018
334911
422424
435948
60066
522351
43947
43008
376194
276570
99576
16920
87081
608076
110802
438507
130815
314703
260388
223857
327861
89403
660519
203331
1719
150228
77220
194958
142218
109113
534918
52866
161016
119154
484212
210681
318375
77364
430374
401751
162273
495495
44133
195000
51732
108396
408999
268758
221673
58704
303948
73245
47283
193155
482457
147978
232941
8334
315738
543591
160974
469206
82824
82854
338664
283995
310527
436983
397908
33363
286089
13806
395754
212580
475053
314841
309339
193119
387144
23922
171960
283860
119322
93378
228318
69213
242748
268224
2643
51705
270
296520
237948
113319
208533
12810
419067
468960
211419
161559
227664
3303
164778
588003
642144
305757
678222
56565
240300
620892
43947
95760
323577
471486
216204
212373
328473
569505
241416
186960
118467
185091
286983
260679
54627
270843
403200
50175
20394
97530
355161
247332
677838
644286
287175
544770
309102
54069
435606
235632
64482
92574
94470
4371
163977
13284
162606
384987
525771
493020
444537
125190
123120
36642
237501
113676
342786
215634
386250
184578
494424
59670
134964
2199
97065
266274
129648
352200
198441
66555
240102
608067
299790
433215
206145
288180
203343
679044
26982
8331
127197
394380
29385
43221
40860
265266
144792
343611
329562
422127
365778
143631
270972
214011
312948
101412
378792
61707
160890
140445
511686
202824
551700
420633
126972
399714
116289
61974
278865
397413
450138
613629
272577
68907
29766
128994
185592
567372
350046
603711
166302
504909
125685
204786
278172
188820
225198
155535
551805
304470
95268
305298
318774
2277
232317
252798
321045
108180
488061
151887
471306
654903
715602
138102
586470
350433
317106
264438
60516
19572
511512
340785
506394
209730
16389
578676
330498
7839
3489
17721
191004
139842
349407
333063
399870
96444
3303
164256
381177
171285
315084
37494
144111
60507
552876
122451
48759
56898
336906
205716
533151
430641
2637
229023
365673
14769
337980
32946
231795
194445
144612
182388
148260
400953
220254
646587
105717
196653
86844
254232
532026
411219
377913
201168
292590
491436
246870
328137
334131
5094
231390
379815
86190
81453
7578
285777
230427
466974
32409
295158
646116
293805
209286
580347
187101
577926
127233
16245
289530
225024
196806
187236
47394
197883
604026
35322
522366
654369
389610
180525
40176
508197
410220
382449
303669
498219
220815
79218
33825
156159
179568
128061
26856
720861
321786
331407
331083
143124
27732
59532
188664
392199
139251
102456
65079
196821
108867
53286
418167
46410
111237
293814
15984
23460
88101
689508
442818
376599
313098
155862
79740
148041
315783
189405
388782
56259
123327
64689
156765
513150
305019
60003
344208
413469
407622
562917
401847
138711
466650
586080
740598
68157
132696
635715
287517
124302
494859
151758
155295
75177
461568
27924
189576
311130
410226
76677
102411
390732
474210
82539
598449
272034
43008
106062
14949
177528
91521
207279
103686
170883
122121
330471
131667
106920
309459
339093
323253
273240
28557
57312
157467
17877
411594
9036
161181
239370
140826
363537
73524
65124
144456
505566
405438
191055
333912
564660
310689
53568
86592
577584
104151
11313
405747
469359
576861
299028
10242
343893
410283
74610
138330
282705
272349
165753
141474
35811
52434
550842
32880
389571
340950
60285
33471
122292
337050
343890
51336
129537
129
122859
426714
1152
67227
148014
284310
100713
169632
514833
102711
473229
597126
462969
44589
248856
314526
534096
324222
588084
314109
268713
273045
336612
472407
387411
85032
206910
234351
91800
289449
369678
486333
231072
259923
42480
164187
178023
349944
213534
251331
133848
154251
336465
211038
169272
448650
606183
170073
432579
73224
328896
206457
274554
250362
358839
369333
432048
601767
224298
109779
84666
488775
462507
200100
674406
178848
536697
172011
89136
475536
306693
53703
72285
66843
57504
13209
234696
456084
238536
398916
641355
201774
332190
192783
3591
671427
165888
65268
33174
435915
294831
607140
136056
7020
214815
97704
97761
92322
68571
327996
205092
172542
370062
325539
50301
72051
72234
204990
399690
498330
451512
528879
82575
371952
169794
51132
11979
423369
329799
66255
191313
251595
4737
221571
391161
20475
477045
413748
129465
564342
442944
388215
205920
71892
204867
343443
113256
368790
121149
31374
663690
214209
216153
233172
481968
138375
124293
101496
332658
232734
210282
329433
466992
347583
187314
365847
192837
40989
179676
148695
33468
108348
55683
51597
72639
644976
124398
85836
357891
293310
367200
355158
40191
257337
147966
340341
63396
82272
571608
26310
252963
254817
409590
270126
449361
22716
32214
269376
530814
179415
212508
397293
41868
532545
94782
74505
479052
68742
168651
160029
92511
200754
465894
15669
477477
203118
242475
303903
392037
152163
484467
20583
62838
134028
358362
254988
2334
513345
218934
80427
327528
2127
267975
129816
599508
406782
140271
410985
243918
460800
190794
300450
451281
378456
229152
580095
4320
83745
222903
170424
165648
264105
163548
154281
249327
737655
536922
306882
146823
222291
169296
589716
126243
42393
243774
213216
29502
215421
70632
44253
509478
289887
393627
600156
212928
185202
324423
410157
166734
115836
99900
68022
95373
235722
133830
519561
194379
147144
439614
79572
516135
225867
144945
19512
282411
275184
191763
118098
401961
274707
86451
209487
30576
450564
477792
391683
509544
69423
79038
61647
274599
21846
476163
280062
9591
576423
364437
155544
52866
467562
515256
63846
225192
100899
551790
487362
492627
365850
563076
13428
509556
269775
433053
231615
185118
202644
349638
88467
12627
137997
239121
81852
106287
303021
142002
351639
366477
211089
645084
82131
75870
246510
565812
210834
270324
27987
43650
17964
527661
155061
228102
328815
262905
206208
307917
59292
525294
99999
375522
86844
323775
79860
319059
295209
479475
251019
75873
210075
21969
499971
259464
465261
347988
196875
538611
356499
266742
569934
5697
257466
46503
2349
279036
233031
557061
420630
382758
470847
636
143001
534324
227229
183672
15597
558390
115839
455700
293028
220842
482169
535050
540153
455376
43956
216
145461
452529
511923
42759
86496
378084
187911
369468
521415
721629
400005
372528
241314
62691
372699
97137
1866
95814
55317
77838
401256
193002
276204
94866
488520
254736
203274
231165
94941
173700
20997
354573
325959
498174
278046
225297
401718
22671
719721
557835
329169
30258
508959
177297
93957
174210
189867
183888
144936
344364
476271
259314
432702
304968
283212
44745
320475
195555
320571
308178
514350
528159
445392
316497
67839
479193
239175
434910
62085
662964
192447
184770
172809
113868
279045
416925
131988
282375
464739
6981
550206
44292
455661
407817
303516
380556
393147
668499
229680
85068
489285
342687
126678
4740
125721
240981
173193
196965
195123
137997
405783
31821
139824
64440
294207
87609
94389
247158
66771
70830
89730
158046
127179
431289
408093
194958
131751
183549
566802
113721
22866
261171
327969
128670
106056
19932
181449
342765
505656
357939
303237
145134
139806
42744
480108
255078
29508
51237
136584
99171
145368
146085
312831
286539
92988
241875
120627
523749
261675
245565
27045
83610
23700
383970
144567
90891
384843
136023
117786
121455
487128
350568
106614
67542
137511
321450
599391
374994
636021
320325
213072
197634
25353
31443
83511
8748
244419
201147
260166
428235
197163
194268
126462
314199
318501
289947
270342
86907
55533
314502
47988
274467
360342
71091
498621
126585
48042
152649
302517
77817
128790
518772
204294
109233
44844
38106
298275
431406
410316
363759
44781
463347
139221
231333
129681
533298
68979
341325
86301
7713
555345
268101
341379
270192
222042
183033
139836
88722
55791
214677
258381
569808
510651
226299
37032
4152
231180
461250
287883
13698
271818
459144
56241
123102
75231
67479
70371
13947
69903
17862
302616
155673
509814
187455
605679
354282
70203
86943
467232
129516
146919
132192
260205
159141
134340
259434
23388
229338
105705
137658
22620
110493
87708
417213
427005
293379
168249
216765
239226
235053
254055
33813
644571
303822
316971
302640
160614
312765
103230
172740
211182
167748
593055
18672
225306
90558
120408
443682
405324
98595
182046
84951
13896
687159
118539
243900
266904
101556
160497
241407
2223
43389
45810
64653
114333
51126
356526
497016
240738
130242
213537
147843
248106
366315
355080
224298
397749
378051
103584
509157
155826
314868
241551
130107
403431
108843
261675
173463
486144
103248
401121
418194
80370
325008
426927
314562
484947
447102
36792
424986
173313
178278
43752
249480
173355
289566
260508
274821
28794
118737
52110
543117
430983
334935
67392
140400
440430
51003
351312
25533
617841
39249
159039
142551
472650
482244
307449
57987
528345
297306
339210
119016
292953
411651
569232
29640
165696
434736
166539
397920
264096
155202
388308
322236
231345
9057
177489
166089
443394
27741
319614
79017
79527
183486
544878
162369
374868
275193
243966
108513
356493
261804
594675
299664
104856
3582
315864
248835
43002
35973
541455
264114
263469
15876
341325
23661
319011
415647
21672
439785
734712
415980
49968
603621
229083
648024
196161
189273
650232
417582
47277
121761
117627
425304
73536
33009
240498
277011
600315
519276
129285
1053
116013
72990
398691
114903
89181
370479
11424
641673
80757
78813
655083
120129
511479
6786
253731
63564
121986
387735
579069
216558
456606
157812
265890
40281
178896
366498
195618
194877
75402
34473
148959
562059
267147
228333
284736
177723
384546
40503
7800
140538
416943
93726
103791
561432
426303
472824
9957
133551
18351
220788
164403
635649
93273
498744
478533
11766
142476
18006
659871
489078
543051
370917
631674
274485
235317
74385
138312
209529
154839
120069
258975
231540
195795
71253
172131
176250
49929
144906
399366
600552
241932
326187
445203
92811
22077
460476
193986
115785
122202
483444
190962
303489
433053
707823
135405
99072
192264
352863
416496
279273
677898
388764
156528
441708
659169
479727
363033
403677
153717
106293
195879
113247
35436
338991
213735
279954
66570
11790
448389
272673
58023
37284
89406
563511
388641
257193
436596
127737
158652
162057
611655
394797
62496
153207
210672
441099
153855
1074
217152
260982
48018
307269
121458
448332
430524
630432
184986
170820
611460
245514
303816
166833
363912
75513
26079
302013
234825
53502
411108
380589
486063
163668
25515
140814
44505
83322
468867
268839
182526
164835
165954
110520
435321
141249
32763
39159
262149
208131
460584
74235
291051
565683
82296
233478
345621
128907
105828
322551
386142
661212
2646
16920
165783
265890
330084
218589
277233
49734
159345
122256
594387
630720
82284
168975
530649
101979
335907
522243
52128
198318
203403
23121
389637
399657
234720
670527
14853
245268
315549
85302
95892
416250
396192
386880
117729
359574
249798
308655
185679
171963
415170
123624
557697
178785
174321
43557
62388
416325
116370
373977
55935
131301
464961
652419
39492
133713
137526
317889
17268
12762
292941
88767
104763
183942
137757
114264
212694
313443
334110
90579
436998
43647
27705
69300
21975
222018
303717
606432
28404
512145
393594
298188
73980
375921
161304
620955
248445
465579
128379
161325
333612
250662
36693
150516
9738
34974
375480
571878
293694
269748
159849
204654
131355
315804
160038
426816
181743
16938
257586
320418
276696
20502
345681
58305
113223
343536
81729
312375
357618
446853
94107
254205
292344
206595
76518
15783
98523
135834
86085
633144
204591
175107
292251
405237
71139
265236
74499
503535
438642
512961
194220
114759
620469
478989
591054
61515
203760
165357
317478
59220
248715
277347
253893
497853
350193
82908
361716
212328
621870
460740
377535
631155
455355
242484
116739
580536
189825
21438
183222
332790
486549
552852
316251
429015
31341
31014
334521
144720
425589
128277
233520
600699
277077
451452
26472
28323
441639
230859
230268
165285
124305
301914
85941
45432
323226
136230
212058
178530
328791
230970
570984
656262
244926
125532
67989
217710
375417
120072
146577
281358
486942
467010
224367
405018
11961
216048
234441
458907
189501
384132
175626
45087
359070
206322
149175
158823
262224
185688
26313
100989
410742
241707
61980
152370
474708
265728
509304
202968
280719
179226
157698
110619
32475
103731
72138
670545
46281
31935
388497
240798
299022
33723
536163
546795
256617
159771
332325
436563
126459
65589
675
301401
92145
406917
94131
476862
380187
211608
281034
188361
436068
214707
35487
302787
460515
223614
103671
36354
19107
437496
467772
188937
8826
415104
616698
130005
308691
19221
168570
203772
252360
328254
374340
397692
13533
19596
60045
635751
553089
377361
324411
4923
316482
523974
447480
79596
79488
250344
181683
41796
108603
89838
217902
153972
61947
390702
148806
359211
354546
87420
457353
301026
123381
66465
252207
65361
70452
402831
173367
265815
338310
323919
288033
276591
25497
184053
480831
33798
685299
690744
224421
258063
213327
492957
328920
80379
90243
219105
545082
443802
239346
450510
5280
378318
398571
160503
8334
479508
135900
473634
185823
460839
722016
450657
303876
161706
243297
244260
405480
277746
679023
341718
65430
53928
425403
13800
37149
43965
727560
362691
351615
237735
481383
65403
42078
558963
326241
160746
428379
151236
232464
348903
232497
378837
225369
511743
40509
147708
257547
12528
355419
149109
338322
76719
256854
83358
368361
419586
151320
290043
44514
327564
77733
20124
404559
57636
153612
340641
426972
53781
383247
604323
405213
117036
22071
267540
209793
205101
377544
227214
77130
288258
406863
134610
336660
16461
670164
114570
302319
416436
502506
343422
165045
130338
207600
355530
28143
237645
63906
85119
157287
148248
501249
292386
55089
396660
594405
359667
198915
142071
21861
435312
322110
498099
221364
226455
613734
316908
318015
78741
281241
340416
161991
235275
479748
106794
15330
22527
315378
567066
358470
50409
338358
117606
91377
149358
205473
19566
158610
415920
309759
366660
44607
36000
94515
172746
284307
527472
388230
44214
38151
252789
229350
274644
154638
397737
133329
612693
193932
618174
604752
181104
372756
276000
330351
221700
79716
217656
296577
283725
48006
237732
467316
88482
545994
558468
364074
384336
22131
310050
62850
82407
391644
316776
431463
87075
21267
455853
224412
242073
195258
496161
68169
247866
537003
305730
396717
51363
126810
402978
6102
557709
496917
154416
711618
248571
103338
424437
132939
367830
73539
146115
367077
74328
193734
351714
159966
282867
145278
573453
154719
390120
681393
637470
227487
59706
176481
120825
66843
559161
132981
345645
68301
405915
115731
174843
387087
310590
326772
154980
72477
330045
244788
145941
358191
120846
173853
567396
171531
74613
418842
90993
651870
117828
1425
198168
260397
483759
216771
667944
148323
369099
263817
123390
20937
173589
150516
331686
124542
29937
403887
628155
184752
183234
114966
308853
248115
501597
153795
262701
45081
320760
169218
530388
455769
117660
268155
11595
365202
280050
51876
134838
301671
54054
437958
422793
53445
274635
116577
527403
119160
148491
451437
105831
48885
362964
497721
27291
6561
186012
166206
220707
364485
79227
179214
511221
454086
225423
419412
134244
333666
465534
82866
335313
316998
79695
74538
37728
242196
253233
174924
251100
286332
557763
56421
592230
499062
185844
348840
78387
36567
69450
622041
378690
183429
49512
186501
175548
676743
459861
186747
242577
665502
209838
55332
164430
393888
56469
650196
91593
394668
51915
86883
317073
110709
10710
158325
380043
466131
5715
381546
89856
283671
624144
241632
158061
653415
78828
289548
284508
341943
28401
385818
376464
167634
246789
211284
434679
196929
119511
80532
218520
1863
111249
39993
310518
9609
285915
207291
603588
16710
127062
477219
4974
67647
58425
127818
18561
156594
296001
54612
203031
25071
151410
715386
549180
193365
42042
515403
273066
556299
171348
10044
28590
162870
324018
593130
13122
400659
331578
55761
64080
53004
349875
95124
23157
38889
4248
350247
662544
48291
273567
180570
64563
713142
390726
125892
413982
409638
12987
51978
15948
195147
509565
75783
392553
355200
227706
166824
331416
155286
365103
197973
91869
451497
620964
44643
560025
295086
10164
520959
264303
310194
47583
625713
23364
255717
290208
361260
620001
414405
72846
607599
291636
236517
286758
227106
425178
333738
604206
315897
433206
99126
455115
209556
385068
335646
23040
35475
115470
63699
5994
69846
254511
5463
415254
641664
167547
564291
82044
146526
562161
285336
105474
253197
89343
642468
609525
187476
227298
131730
110646
140544
675669
33186
484029
311799
221688
185796
139893
34338
20334
283617
102129
174357
130014
277791
496830
238842
246726
105234
394650
17049
68523
446433
318564
595404
264906
145053
364230
200235
233343
16584
88398
6792
364653
224331
700791
66318
280386
122952
325002
255108
611775
200442
396432
148122
607848
38280
548958
248895
99936
409134
37899
16038
181572
119910
409413
533427
145557
97398
96354
316680
123312
306891
231255
100197
282546
286407
172485
13878
87852
281298
97008
216783
34812
337338
471093
165636
255078
148815
530118
217155
178524
70464
352212
256590
519327
379629
23598
133803
312471
45594
123549
475569
414981
46023
7605
176190
430416
224490
221763
433431
212010
425403
449145
259638
155187
59850
487803
199356
227907
2673
120555
85131
430425
706617
153921
359856
189369
172422
28128
33054
196128
29970
526320
332388
131136
417366
548793
180279
266031
341307
25923
269214
90489
166401
67005
249672
379647
176814
206073
53115
292158
51570
29430
431976
140619
203991
322494
61734
191172
296265
157149
435195
139950
365796
384858
57978
117297
626733
84750
217719
144882
467244
303357
137001
55251
68544
116724
379272
39096
547884
84060
124722
409980
198732
309276
230388
182007
230850
541215
132615
411984
237438
164544
11520
343998
89067
190872
529686
143991
46785
70215
263229
177570
67461
209916
384681
18162
145206
582741
55683
114687
361278
521118
19113
3069
311430
627585
46731
89427
248967
1269
400293
442152
82659
389907
132633
298947
363501
62205
593127
440580
411273
198075
213228
424710
529485
505083
275658
345348
664194
649911
102828
166059
57267
370062
41877
336678
208746
51447
96432
357705
47376
429129
104679
480471
3729
174483
447642
540072
60573
421326
170109
143010
216999
22857
139077
26190
456789
300036
459915
182478
399633
502218
532032
39717
247464
356187
103512
55503
170100
587016
68142
92028
52227
119568
336807
172878
66483
160578
168678
315984
302553
518943
100629
373122
216720
280542
254304
155538
418092
5997
140370
14922
209754
27984
406638
430596
75303
686724
268299
375213
39663
503370
357771
56487
144615
262260
515778
52086
7632
191646
8532
98043
391368
424809
457245
244332
273090
249915
112368
104922
373923
142938
318564
69732
80673
138060
221220
391689
659982
416106
229683
235104
52869
382842
276066
320028
163467
202128
395430
560352
143859
447
435249
716430
174807
267981
148890
300024
47925
10206
220005
206370
352548
312606
46818
580302
518418
67266
96993
357819
335778
29457
382422
517194
118431
111696
44643
132438
4629
197928
543183
449616
322857
30126
122409
59472
173559
430371
295074
509295
516498
70689
106329
543699
362064
12447
277554
37227
309591
414702
115365
229671
201531
24321
218520
314865
352422
101337
203091
329985
508980
49965
107061
104025
3111
19653
900
293337
543927
96312
662835
349050
37878
162489
275415
260298
337404
25674
72897
18846
227343
125694
65367
441435
720039
144774
286908
139851
406215
114588
84780
480312
416700
323856
165270
167265
50457
21219
144972
372498
148716
142419
138150
295416
75327
122772
89982
512157
400239
132588
232767
316152
388017
154836
85554
8163
230094
91431
219930
175050
2376
135243
109638
143109
296271
293895
140928
370755
333165
158892
427599
275214
236637
54051
542907
264618
429123
75429
362817
423
339636
484641
428325
227556
253875
60075
67935
553800
457269
286095
81000
140583
46062
610362
263547
132732
267069
324045
49707
107481
43479
195543
446082
6888
113706
731265
487899
205476
17883
485757
87516
344121
322569
44967
604683
328644
326595
172458
216144
381600
116010
492786
90711
112584
469884
628758
294024
477438
491124
201345
93684
67452
125298
229476
237372
77229
18045
12789
189837
287052
232758
184857
155052
146835
85275
240945
102594
258975
2286
354951
700149
52686
400590
362841
196422
216696
60732
378693
95424
427932
270606
157824
210258
29826
41877
151896
276354
95589
261
43863
146616
390627
153378
70257
355035
21774
726891
217134
335226
30636
38613
17070
206415
229908
85617
74088
208995
604932
194418
297726
155409
39360
118494
437847
373308
326928
154872
128841
487257
62286
490713
64521
266253
76797
39783
205686
52629
202962
376740
277200
349197
439464
298755
324753
228636
538863
147303
267561
93471
612645
445311
405981
161769
135399
374196
702351
396504
89154
188454
174600
352485
363222
248847
484758
466251
296130
3144
228801
192789
43218
26037
196731
353088
386163
427563
292761
159156
91293
383136
73287
309399
1665
182613
43521
306330
251292
54888
204165
240087
250584
563079
282699
28410
48213
116901
20034
394299
173574
558720
216585
120744
54684
250458
223083
296451
51549
35388
8640
125289
336609
91659
320694
199560
13362
142332
77337
114030
105168
209313
159084
88227
201654
259737
30537
184455
360999
256710
317199
20184
428475
438864
485262
643500
495399
93135
71460
133293
280602
602259
90711
54189
92340
98427
159603
486981
115671
78855
164718
331221
66240
142038
372513
545010
12834
297081
354015
14643
114117
330435
300342
3705
357120
383751
171639
60099
41949
166569
47376
266877
310041
326127
249582
574251
140445
293940
515070
29256
24318
571977
387054
141450
498882
528363
234909
83430
101679
444879
525579
461181
618987
534516
6087
256158
316581
11718
226161
280020
445413
568389
373569
34938
472107
24165
40716
22653
489861
16971
532842
242217
433164
294693
6204
124896
120123
72099
87276
168777
250674
305856
424125
234387
224067
113121
629337
271386
373701
393684
130977
321219
296403
19206
247779
97293
235779
80664
22653
86562
247122
554340
163671
532974
395262
611982
236997
55614
552573
487458
506709
288045
431496
129315
530235
175671
26055
347418
106566
657855
156231
1881
96396
133452
234627
485982
281124
125442
213822
129495
604449
247836
261018
99873
206418
17391
467220
433116
247113
43650
277884
75636
125919
210078
427329
280998
7677
428454
58797
12786
210504
618216
334761
400680
57222
452469
40821
182034
362115
339594
441201
125457
50985
329445
51426
246609
436437
215910
72270
339396
338442
115920
513756
190569
377532
22491
67893
289854
37800
161667
295302
57024
388548
428619
59463
90720
468459
310605
541026
529572
147120
84819
36540
61047
156054
622158
136749
217638
205893
383454
103860
442734
57861
301500
294996
296910
569229
364458
517725
246429
286380
321921
200511
225621
313272
80859
460470
181851
532953
1782
455154
445773
159873
470364
82104
175725
102177
63099
15228
17853
438444
99237
585534
10143
316131
609462
691587
334689
251940
68601
80901
181881
86913
117516
75276
198951
278277
126891
279882
597846
11511
446454
467994
255888
457554
438258
117855
90327
379215
238125
477045
197754
306162
151011
4446
276432
606015
364407
8280
32553
360297
108693
261162
40254
67194
485580
184686
234222
112731
44325
449865
387333
300717
333663
699129
413367
191880
116691
368640
5463
