73203 93078
28792 90818
11982 87950
73103 91144
7096 37145
81482 96543
15884 49192
2120 91720
18161 63539
58112 79546
4935 12592
35917 53940
84818 89955
44411 49556
501 74479
4190 16286
816 27118
64474 78496
90037 99857
41491 73777
21366 89303
47339 91651
83641 95596
32348 39766
62481 72270
24811 87333
46526 88300
24208 49893
53782 63555
25729 89696
87091 93986
33137 42460
814 27481
12269 25688
61578 84958
13757 40273
25083 76545
96250 99642
26195 66134
42732 95858
18764 49203
85799 87941
5399 55895
52144 62196
144 86541
44509 51846
56401 81598
22517 82876
2827 46228
52872 92298
26071 52032
4238 79936
24962 34162
76032 76178
60765 90871
8605 52553
15885 46680
20777 76463
51194 58313
31789 46465
45334 66104
71313 87919
34912 48662
70710 74784
29002 77389
63135 78625
36464 66389
26298 78436
73408 97948
43045 61315
19665 24226
10667 90773
42323 87773
25745 56822
14298 14500
50561 75091
51482 56027
93248 95819
38971 76048
5163 52971
43953 61768
13913 43427
17214 98941
66276 77005
41808 56146
31771 60711
43156 81428
14028 49205
68042 93279
43523 67271
45734 98686
1941 81901
17794 70885
3959 60917
17854 93370
26499 44889
41249 96472
6432 78402
26855 96514
32720 65442
5369 13213
28087 34684
32072 83828
43936 57029
11415 77673
13058 30925
25117 41952
74590 91366
3564 85252
27322 51875
74849 90424
17725 70179
34829 93427
13961 47647
51273 82940
74846 87832
49471 59824
25716 70162
12261 88315
30942 38720
20464 72206
26158 45645
47668 85276
56035 85293
19430 50047
52439 73364
18381 79619
65414 89266
65108 81826
12553 98610
6916 29936
40541 81594
10163 17945
50795 56610
21787 32565
41598 89783
17903 50811
44062 47721
7692 98188
66272 80646
60908 90851
31052 76314
17492 30279
53249 97512
25303 54287
54337 95375
54348 62024
36353 69068
26042 63308
36543 64001
36868 95714
50175 63026
55819 73769
21262 69245
26929 35451
38683 43603
20668 88470
16039 70101
1122 5010
8738 62419
1075 74926
8852 9368
7792 34522
29969 41536
29761 34664
21464 29405
21263 26810
28218 97358
32265 66145
33652 84280
11068 73572
40237 65387
51085 96060
8612 55649
8496 25319
5113 77945
42545 98245
34533 46803
21514 22239
65474 83710
81455 95710
22405 27430
2341 29773
22237 65018
93785 96606
15372 89439
9890 33490
27173 45145
6930 39906
33289 45442
10324 41872
77877 78580
20062 41906
62973 84687
5622 17231
10595 19870
17179 72469
77702 98171
5827 73862
28148 80424
10602 19174
49509 61204
9498 76630
20800 58622
78312 82714
13218 66080
18178 51943
21111 41350
18542 24270
30457 31532
18884 80720
60961 81650
28691 30482
1627 49688
3866 91555
38966 91076
12506 15958
5962 94750
76269 77868
39384 58028
13364 35621
4379 57014
7974 80274
42025 75093
9431 45018
63279 75044
33138 76202
15442 28023
26495 58493
25059 51390
13623 67630
44054 93009
27026 72273
5725 33861
35137 99617
14360 37198
7861 36983
14649 44809
42853 83444
3721 37741
46345 81970
20672 57790
689 83926
78674 90873
50672 74716
42823 82795
12171 77136
49127 98816
33438 56019
16729 93210
57087 86370
57287 76057
29927 37141
707 60943
19439 92215
70367 79649
34312 43451
28431 92568
13794 34272
59852 66212
37800 77722
14751 56065
2774 73544
15687 83093
6656 19861
17111 36566
57278 83516
32112 35497
42095 86975
50432 62850
14198 47106
78085 96850
24553 72681
25836 40460
45940 55940
89393 92914
18842 40482
59737 75329
15579 20326
15868 34380
74692 83074
51443 82727
32687 56316
7648 41576
15279 59252
4858 34436
53441 84529
2591 88843
29250 36987
25901 82639
20778 91671
48476 60775
64283 95173
22259 40387
20854 62031
6208 62589
11672 37183
46198 85686
44751 88625
66071 85302
7162 71491
41922 62886
50204 92790
56459 94974
25247 44415
23014 33598
24282 99460
28218 54429
88744 99462
43338 61394
58663 97481
14172 48467
403 36475
12890 54236
6422 62410
31735 73412
49900 81070
46699 90726
27440 87906
18673 87376
60517 84950
6223 19273
12718 19981
14296 42145
3482 32434
12389 17402
79243 92834
34299 97087
1281 81996
60787 81215
11206 80236
48982 55829
45228 90657
20104 71921
64912 98894
465 75971
62627 89035
84461 85290
71060 75859
37071 95208
18638 26255
55962 79345
85301 85822
35081 58400
10563 26737
25563 30974
10528 68917
68117 97811
30839 94144
45812 64625
75404 88394
12356 26322
13213 59931
52415 83849
23308 52117
49396 87249
45724 76877
34699 73814
46144 83909
8750 65507
11955 78108
74252 77258
10790 31378
21980 41347
52621 56063
15105 35367
52591 90817
2712 65975
3222 73498
27862 59364
16515 79308
11859 64781
44338 63802
61471 95030
25257 87607
53335 89270
39397 54404
2540 98803
91132 99573
30562 75874
53157 73197
13454 49585
58953 68163
14419 53090
53205 84182
39115 76694
19018 94371
11960 80362
61516 72910
38677 48785
81729 88891
12800 17882
38749 61687
35793 83252
28942 92705
49014 81211
43671 61477
68225 91134
2936 15367
18788 32786
75311 81965
33205 95500
71386 78484
22276 36125
27513 60349
78357 96865
39902 43668
35369 36219
43866 48919
13690 29482
4162 59671
73752 77965
54160 54538
40860 98970
48339 90345
7874 38307
20388 62947
25253 84396
55983 88732
29550 74675
48261 83378
9903 10772
70803 96214
3299 62433
36592 44721
27718 61528
15085 86754
5333 34893
28739 44657
43990 57298
81708 84620
1012 98600
1064 40647
37376 39873
27495 44109
78713 91740
46589 56904
50449 52370
68849 91726
26902 67586
89800 96450
69394 94076
29788 79292
57342 59207
42415 65912
21098 55716
20109 30141
26727 31962
19657 29247
48596 92717
57575 62031
51050 88051
41748 58656
18755 88162
26735 74118
13024 84387
80254 90289
78227 85153
8221 18731
23511 60472
34401 66088
17699 51921
33177 72593
51313 74543
53361 76568
91475 94045
24220 51255
9078 42551
74358 78864
34877 94262
57042 80240
11895 36856
21434 39238
65737 97722
64490 73647
19620 78857
50611 64827
29537 42511
17331 97191
46698 97654
20691 50593
28660 48634
46656 82393
70524 96770
37976 90375
37297 75272
54371 65992
29212 41828
31665 48175
73612 82188
69258 73740
46755 60192
1927 65750
61850 99833
28900 33742
22736 86589
1164 73824
2109 57523
46668 48631
83512 92049
27112 62184
44103 49606
30293 72190
613 30454
66429 79453
53423 75650
39104 57399
22132 38483
64173 87014
9968 51896
30670 38001
24657 90260
22727 39266
43285 49508
47133 79207
16958 97544
20184 42593
26074 58698
62318 92501
56346 88858
31970 79196
25651 35657
7990 48011
43067 94309
22933 95981
30908 58438
65550 69283
6047 48857
64301 95728
9649 75495
15854 95918
41822 77594
19241 83120
26989 58648
38359 58692
68326 87589
1234 34078
26335 80066
27496 83917
32294 94550
42684 57294
20269 82683
30623 68762
13489 25657
26292 48321
5934 48940
16654 50850
27797 50433
23256 44714
21589 96848
35206 83913
48441 62052
27825 34014
76787 94036
27576 42825
19934 76917
75624 97939
15089 83323
20589 85320
3239 10480
68767 95999
41786 66342
19283 81402
47591 67594
2798 46590
92664 97572
23648 72953
22141 85242
59049 61433
77984 97453
39241 40500
43705 95548
10888 95884
21483 59680
67084 89991
36079 58534
24612 87571
34239 68229
44896 89954
40262 49482
17593 88116
11793 69405
7373 43169
12940 14268
62719 86257
27907 97410
202 42008
52013 78905
33766 93606
49424 97564
43731 50854
43409 52084
28279 49489
43447 76208
57414 79237
35897 71610
71982 72298
16032 27795
16526 27911
11793 85022
5907 54656
9201 78019
18186 26529
45475 58730
4723 8808
11953 50964
37593 70137
92769 97241
61578 74788
9961 86764
22974 60473
6209 50353
25740 39174
63785 67042
51241 54093
16769 92613
63866 93824
11962 16011
41073 69799
36973 52415
11055 66572
15787 27455
24874 66235
22895 27476
14232 88613
80478 93024
45252 67087
18175 51914
19012 75133
2362 77883
47241 74613
86297 92154
38556 58933
67057 94444
26775 50321
41311 49379
3812 81077
42200 79780
86501 94236
65008 81658
47680 94658
58305 95008
53842 89238
8096 42796
5405 98045
8492 71304
23034 48223
45483 87347
47164 63859
60451 67630
65113 75658
61628 92089
5287 44082
5919 91850
52604 79772
23234 43149
26934 34064
55380 73374
24677 81287
39659 93190
82115 99238
40472 54504
5213 46717
82040 91839
19564 79142
39381 93739
66265 76532
69269 79261
11639 56716
5655 8300
13973 83598
6987 99937
46217 71786
26815 58211
52259 57797
40160 92291
60939 86072
29859 74142
58680 74601
84975 85437
28810 30143
30412 43871
3573 53712
6293 68057
31530 46764
18499 44807
4502 85957
5465 12429
7508 50162
54224 82725
62568 64036
10855 90197
76380 78133
23280 85071
24862 84455
11148 20327
67423 95560
23919 91979
49592 84170
6093 80424
60900 75422
62820 64342
82353 88819
68439 87855
9960 37541
50150 86610
27364 51563
35831 79368
37368 65430
48826 84720
1391 96389
24609 69293
52055 73325
29661 52042
19556 34153
28982 80607
45865 67080
5104 87479
28895 97277
24470 74539
15390 78119
29520 49770
55634 80573
19449 85968
25459 81083
61976 67200
5581 7766
22172 91760
3411 46286
25846 41777
71984 79915
19590 75461
15502 72951
36708 57341
2735 63071
24696 51920
42898 55820
31012 83577
31103 74109
4749 30595
57603 82837
33234 90745
69574 95007
803 53999
29471 51858
1550 72873
17285 37832
30224 97735
12212 17882
8914 22960
5603 58992
54524 92935
22617 91093
74437 98113
10782 93593
15457 47350
14964 37067
65791 93088
40506 99789
54321 71427
83879 99086
30985 72259
16009 51057
16511 53410
340 12385
29811 76933
35793 74666
30058 66173
12401 50028
91722 95435
20339 47806
61490 77461
16719 76723
31564 47059
50010 52372
39976 79390
1117 10691
5918 9050
42383 56206
3146 19135
32694 78393
14192 91789
54522 92428
17219 67193
67630 70244
12886 87321
24224 40412
20914 92590
31213 66583
26797 35949
71050 89644
36779 62717
26614 27425
37829 47615
37686 91833
20921 57281
4021 30602
38766 46501
29126 71572
28402 90532
29544 29784
25904 99146
44788 45387
2693 87513
39733 84467
9960 60246
12334 61285
36278 89978
79756 81992
21728 66076
50500 95023
30200 62267
10766 49875
62502 65870
13635 47368
16139 78204
61951 69767
19546 47035
80918 94869
1264 53315
39201 92166
18186 26332
4247 6697
46031 54876
8540 60759
32234 73301
21580 44805
33027 63969
44447 94925
29650 34951
26642 31742
66933 82955
6965 86077
40436 77864
36211 39174
36599 60990
31518 45583
69885 85638
26745 98276
41243 77065
17660 29399
54617 64930
45521 94293
82544 87729
54934 99497
14334 37853
20984 66636
34277 99918
69924 89198
43888 81582
14978 37132
31808 69422
68038 95020
3713 53400
33389 51755
23751 87265
43005 95260
58819 88858
73631 90474
14854 15633
96015 96665
43518 78194
27880 58722
48127 67114
29402 54708
72467 74099
19624 25198
27033 52495
46539 91939
13301 52198
42189 47146
80791 99620
15610 77916
41442 95519
2744 47034
15029 50799
12276 30469
15325 31462
11480 95905
8779 21404
16272 51989
12281 43339
80739 96243
22360 32741
46485 50092
18804 95406
14136 75640
1596 76752
58385 78325
30034 34274
80048 90943
5151 43244
25545 91506
33129 85881
15627 93557
9064 68205
28307 66359
19549 48759
90788 95378
41418 89879
31650 53477
11361 93792
29556 68291
49761 52103
72232 81840
2089 54109
2970 27131
58034 61233
78133 84164
1254 12896
68301 79648
38443 68623
88091 98757
91552 93088
24250 62213
7419 90123
5711 19607
32946 68886
28070 95777
8995 12071
2889 56288
32450 46028
47506 78870
48296 85370
19181 63105
172 92763
33316 95005
49678 57439
41787 77738
42650 95259
24520 55665
7969 32113
41728 78822
24265 82486
80658 91627
67455 74372
28272 50750
21179 65675
63188 97967
39498 88128
16915 57348
38895 84585
81341 87175
14251 42153
50444 77037
1547 18275
38129 96109
47536 75597
63252 81165
15965 87635
72735 80221
15870 45093
23259 90639
41829 46919
17420 54659
26278 80961
29532 59501
65474 91524
31033 36513
18756 83056
6834 32562
31769 64536
25768 49726
89466 97980
6655 74308
93952 98052
24300 31131
52076 58003
5629 78981
35927 46283
8537 43410
8771 53921
66795 79507
870 72824
38119 79659
10381 92564
6193 57550
10269 81526
70933 84490
7008 28344
27292 56384
2155 14151
3143 59229
85176 95910
40699 57273
2014 76767
52793 91852
37841 91313
28503 64223
6398 43348
31868 35597
53249 91890
43166 96853
27955 69077
31610 57963
64525 73252
6540 64149
41221 91767
6298 19163
33125 83546
2107 71177
39097 99790
19063 48959
6836 7063
34881 45701
37340 43758
21844 27089
1383 52382
10010 34741
3832 28428
22938 35931
8453 59112
5816 57844
30483 95533
24228 95449
76817 83854
28240 79348
22256 96718
42941 49540
87776 93645
59274 81101
30028 95579
1398 89866
18925 77534
4357 31428
8974 14386
14090 67871
4669 21253
42573 83351
20724 83927
78069 84388
4097 38287
39440 91135
38553 66570
45997 60849
16888 47884
26563 86757
25034 99793
46204 78474
76759 85042
79088 84862
15778 79434
27548 62692
4058 74611
34795 35948
38748 80478
46126 78091
25685 97060
48380 88230
40688 69071
81787 98420
51542 62139
23509 62741
1644 53116
81833 88440
18758 94908
72809 86442
69146 76243
79078 95930
14224 97619
29847 33818
35630 41798
26863 79435
11340 93493
32097 61330
36534 49100
1788 38573
68304 79510
66278 69650
45855 73545
10278 10837
201 29105
1501 67351
80670 99833
13205 71566
25055 53012
72648 94925
27779 88022
961 58474
31862 56765
5928 93960
1331 86457
78598 91303
99557 99589
8020 22153
69260 89042
43457 99976
35638 97798
25534 63886
3833 34342
25438 34156
80418 86766
26633 83564
67868 76142
2707 78364
15324 64974
28578 46824
699 36472
44884 92176
38907 51462
11358 86717
7657 13807
15751 41267
67501 76831
14052 14365
22668 28464
39813 45875
24242 48957
26947 38038
20784 49162
17652 27564
5622 16952
393 41898
34038 75224
91164 93509
54010 92319
7528 30963
60076 95705
81259 97517
12135 23675
18041 25587
5850 16351
33815 57888
52561 65723
21285 77910
76380 91112
40767 69767
6144 46438
11081 57172
8883 57976
56104 90337
6133 48082
3955 58144
15445 63112
54207 91425
1305 82189
48500 77995
41092 50207
20612 42859
71921 83040
74739 96054
11714 95369
2783 66906
8990 65086
25678 82598
43561 47857
50957 77809
46903 99229
62547 65385
79389 88076
18510 25176
45009 75948
94595 96309
11662 91007
10672 61834
25212 87145
12421 98867
49184 99557
65906 80387
11965 26974
3282 43875
20016 76744
3371 3616
50996 79865
42287 99132
4949 71594
32232 54650
3720 42424
16141 24648
50348 65450
52172 55677
22347 56037
60870 87737
27797 93244
16517 70469
9484 52096
72117 82160
19511 74121
70598 98222
15202 37183
23110 75024
19961 31028
17064 89096
27460 64117
19410 95757
28881 70116
7085 23755
51249 59964
51392 96765
36032 84980
76103 76147
47602 61566
5249 22546
58889 85155
64893 83884
726 63828
6698 83253
61443 76219
23862 44404
29560 55357
9171 61113
30425 76448
31070 51342
26005 86721
70855 71794
59149 77769
133 18761
67251 99030
83941 90904
5881 94225
49998 52627
34592 74474
2207 9062
80666 86209
55440 62644
4802 67191
3510 45367
18328 87588
38812 71641
16457 71694
37457 74698
3121 70743
82667 83554
23802 64022
63870 64130
69201 96087
11598 83692
7468 42423
43170 97949
3484 57159
7277 81944
41481 94040
13706 33484
38741 54078
6576 25195
21549 76839
26357 43988
87447 96514
48604 55067
77878 91617
63257 82536
66820 96265
41876 73122
19358 91046
2318 30708
83861 94838
4296 17509
16989 57547
66671 70436
31453 40472
47770 75509
12548 57790
75251 94462
76836 89423
27368 63498
20973 69616
23547 46715
39621 97582
3218 92941
53412 67101
10504 25474
8890 62728
48540 58880
75400 86912
39613 41755
33004 75460
25702 98008
37296 92158
60843 75782
79546 89557
24881 60799
9875 50605
8879 98018
45001 74734
74713 77115
50659 93396
52625 71210
36217 98157
850 63634
53552 75887
48675 66727
18094 28748
10657 70437
69874 74675
695 68135
7673 11499
71978 92063
12973 15812
15901 46337
39108 89239
6594 6874
34009 93533
6002 70153
47566 69124
25159 78082
35429 96220
31126 75641
11934 81977
34606 88371
25603 49837
4460 37172
24963 78001
36962 60254
69602 97518
67891 73116
48334 51135
56523 73053
6579 99100
59663 61648
21365 62301
11829 33223
10523 16880
17646 41859
24050 27977
30009 75680
83443 83708
13702 86430
49185 91389
83537 98248
44873 76307
10648 53702
52771 90590
57514 88771
42098 92167
1888 6288
33356 55973
31098 70110
7978 81788
35548 63556
20922 42270
83008 86045
31734 93708
6797 86493
28598 69510
10716 44928
1881 65306
765 12110
39909 43037
64405 96817
24390 67820
43776 84799
38566 73852
41055 85120
11977 88906
41321 71797
25071 33702
33204 56148
29803 96677
19610 52786
92222 94017
19845 76543
65952 68062
43434 52053
29737 48318
24520 73562
76138 89666
34422 77923
10869 20116
83046 94266
5996 16570
3534 70761
12238 76742
51194 95720
11756 59774
46040 87239
25571 63564
7334 96091
8216 35724
8099 70410
85114 86836
7717 37515
10354 60271
68139 74999
31173 64416
42136 58053
6028 16687
66908 82426
50658 56382
4445 10903
19158 23942
5769 13857
34278 89625
57018 58796
9057 17039
5837 14347
43074 52449
20526 76557
42859 84514
20702 26220
59510 76652
46229 75838
8888 13030
18110 98551
66239 76497
41221 44860
19097 74775
78999 92241
67048 96102
55490 95484
51596 76773
76980 84014
8525 74582
11884 28540
4004 63308
36522 76224
9527 14992
18531 67967
25961 45856
39124 80835
34505 52661
34122 41331
28799 30210
49361 73336
95171 96947
97798 99305
75477 92731
88987 97979
58153 62330
61434 88764
23845 71446
62992 68354
24137 95056
19022 63536
37279 73163
25920 75961
5763 51806
14697 33723
37843 93667
10573 90049
40593 92342
8986 31524
17172 84433
18731 43564
49057 97481
25562 91187
11456 66043
1784 46589
29087 79223
33905 58030
20694 62123
20336 97109
6531 24958
4740 48432
1779 67260
8739 52179
4131 37930
29938 59442
34902 57395
95987 96315
25524 90201
35748 94859
23424 45589
19225 21019
91934 97633
82761 91722
3452 26495
58527 67661
37065 65589
39530 75435
32231 48345
6601 56877
11749 33454
31614 40317
91748 92705
37833 65951
26555 40319
36911 51373
11524 44899
12024 19583
92245 92371
56213 66244
17783 46969
68826 95661
25602 86398
1404 54512
76424 96983
69566 95279
18326 44538
93320 99045
22464 46103
22435 47857
86766 99376
7224 20367
14804 85444
62713 88029
34080 93527
28221 73976
49758 94807
56093 70175
16144 16248
39774 45048
27331 32682
45967 80815
41193 87454
66849 78707
22162 58823
65214 81931
36139 52974
56462 71827
70712 80378
85156 96026
21580 81856
21308 45741
35173 97345
78818 83164
12069 23865
22290 79989
55220 56915
16502 22423
65484 65960
19383 79502
4176 72195
18622 41943
29213 80466
1846 3103
20221 44367
3912 34763
392 60400
45839 83491
71387 75393
25443 75769
15663 72666
10763 73640
21895 25745
861 36386
5245 16595
12453 68112
30555 40478
68609 76055
81757 87847
27671 59148
12011 96594
26744 67695
48104 93357
9389 19477
56069 80028
17524 35794
8750 23696
23286 37590
11322 13069
32380 39798
19389 86391
16032 58385
11606 28534
19930 59333
66818 98706
50251 75103
27584 33406
73900 76210
27612 41933
37737 88632
48083 83982
13206 34814
44026 88390
33683 51254
10454 80525
22853 41344
65567 92400
16304 52396
68687 85285
46957 61270
6209 94851
8632 62115
52778 98124
34630 41763
14399 27591
18780 96160
24890 47064
1812 15705
57130 83998
67281 87406
38261 82952
24065 48963
5438 18909
9464 60302
76896 89605
13350 98934
49439 79193
5466 70880
6363 22956
393 62638
47730 52579
54744 69558
2552 80662
63155 96698
49381 54782
13459 62521
25286 71688
70018 71807
6814 43213
77743 95212
60121 88613
10373 51578
13003 31009
25560 70151
48319 99141
43872 97085
89029 96020
5617 77771
68216 73741
76370 81224
30265 79430
57070 90092
4818 20194
68017 69853
36141 47990
18409 96935
57809 71627
44210 97606
27488 46087
30322 72332
19486 56536
56852 84266
12886 59221
37291 49304
4584 92999
72800 96366
14041 14370
77021 94407
3005 15703
24460 51677
32382 51939
72391 85399
32797 99157
14020 22068
27977 50290
78374 92146
3603 71717
40238 68056
10315 56565
32969 43912
13717 72795
52189 99898
19496 43464
16925 82984
19066 26126
63059 86536
49365 56503
84778 96932
44423 94604
11060 50095
17903 49540
89952 96875
36624 76029
33876 44157
48632 55116
69520 92396
29689 91308
20740 42493
11438 45957
6130 7423
14700 59030
28087 96878
77842 96389
6173 71772
2337 15940
38527 49672
48680 90012
11209 52591
6705 52143
31864 87752
49704 97906
25210 29680
42592 78819
62525 64365
45842 94301
24597 54325
31154 91529
49031 87962
8504 53749
35232 60851
16633 69526
28442 31951
34483 57674
50320 85751
15641 33541
62810 74407
24322 56105
21232 31611
64430 93031
47830 81331
74722 75004
74816 80629
88379 88405
1148 46230
37912 68995
16757 33766
41158 68459
61046 62888
44167 95539
32207 91540
7526 39221
16290 39710
59511 87275
27820 28261
27330 50001
21704 97067
12585 96566
340 46898
9480 98489
36354 44251
3126 39494
13889 95078
24231 30269
6712 21706
17557 62694
4516 70654
57318 83791
55483 81420
19702 65458
23987 96609
66665 94983
57132 79824
38319 54588
8385 36684
11225 52980
54828 86620
16196 24633
26808 63739
25962 78879
66558 72649
22445 25651
86612 97507
20325 68936
7383 44436
10101 98886
6123 92226
27011 65974
16173 87974
4461 49804
28040 36056
11778 72028
69993 97653
61728 69579
76831 87587
56614 68379
76137 76652
60736 80756
86136 87583
49485 70178
31170 81120
32369 97968
28306 91243
18766 78464
41699 58383
45035 60913
42480 47479
16506 50247
15863 32879
33645 78008
41471 69404
18050 70712
42089 66399
2924 72640
23318 31970
74957 90320
64198 64498
25425 39079
41159 75674
21376 39981
48000 91112
64012 87674
47746 56638
41442 72615
4005 86770
4395 48708
11317 71400
26633 55314
54268 89000
75588 98638
5456 95738
54172 57581
95009 95930
81920 96515
42726 91467
30711 35350
87228 92038
7793 14581
37377 71920
25205 45822
12019 60627
56015 95497
41624 93944
34128 80993
26200 46582
30745 67292
24167 54142
4566 50471
9287 25534
36023 84388
60244 68207
25701 48257
19078 39628
864 73547
5616 36592
1108 78307
13368 71180
82160 96671
19707 74161
63619 77713
50870 58965
25715 63763
29727 81632
31013 88617
13221 93809
65180 97015
61608 69926
95111 98239
76937 91762
56531 79159
17810 91832
20763 68659
4247 86426
53402 74325
30338 94544
76357 90645
67656 91701
16151 55740
31087 57169
3886 38161
52350 71948
24144 94772
5360 49883
73677 84920
12247 56150
36802 77864
7167 7524
17220 50227
60990 91260
43321 83720
42073 56679
4569 72941
17197 39324
12608 76946
4502 92295
1955 97563
3397 25334
13296 90500
10744 60630
52884 91226
1160 41654
86846 93731
28095 30805
36958 99710
14831 62569
35022 97823
31537 59799
23936 26411
18188 93559
60488 99395
27737 28747
56704 57103
30796 33722
62790 85843
53366 70761
57832 99028
1890 51396
16595 71124
30473 44515
46903 47345
11112 36244
26362 76789
6556 32866
63603 99975
80562 85255
27189 47532
15645 24910
26878 96892
27807 45353
53078 59156
4194 13463
32231 76426
40732 67838
30429 97606
22798 79602
51592 51953
18402 51035
2952 56595
27641 29520
50533 91876
88601 92437
32460 63715
58293 82105
58687 76753
49916 73480
40707 60375
36570 87278
40127 69041
13151 97370
51923 65685
40339 66549
50524 61959
8451 46350
6808 79601
20808 76320
43939 90418
54788 79376
8922 51793
39140 99460
13642 49166
37716 79588
3993 53208
56324 56916
61379 89030
8520 62758
66660 77075
42262 53329
47734 48642
45072 80785
2217 37692
9574 74545
36141 40271
63656 98096
5935 92323
21305 62055
31158 59552
21405 96086
17851 45211
8294 86450
62614 78073
43280 45564
13599 55097
21289 53324
24618 52077
49905 74042
65662 71243
36010 62423
10502 90839
36636 41363
1670 75302
6790 93924
29530 80336
11059 38318
73020 77789
32616 96350
36273 87992
25666 76395
57537 93930
7277 76295
60516 87383
45826 56332
46539 50746
45808 66071
26553 51515
17303 36419
41536 45467
3685 98939
2986 50533
6143 54599
52 49790
67451 84654
38145 41997
71124 78364
63707 86346
33242 83672
79921 96206
83455 95096
77771 85520
52407 77050
37618 52474
87936 94074
36538 88992
4064 11438
27697 43660
15749 57319
48592 50597
43088 46359
85286 95249
6601 97601
40525 95550
23941 74388
58659 96067
31985 53646
38414 49203
38789 58670
43487 83196
17918 45609
18678 71696
54542 61557
75026 89134
24764 34243
39285 60071
12478 81694
47799 85781
57474 65185
18360 66074
46150 96508
44613 94604
16741 90264
17798 72605
1883 24249
2696 68880
19479 95487
158 99172
13123 23758
39434 57513
1029 88036
24706 63976
56100 71544
37636 98591
703 25364
207 25566
4640 16707
17899 79574
76388 79391
7136 36134
51290 89264
10698 68246
19939 31731
77807 89488
38848 88090
11593 76687
25085 36998
16427 94377
3372 44454
17698 24453
3937 20517
30365 32874
983 29011
72964 83863
3744 35701
56373 69146
73575 93395
44429 60026
33726 76754
50746 67796
27676 42956
37079 77080
19126 66192
17292 62404
14128 53381
29973 34678
24393 32724
57205 76766
52284 54769
10283 68168
68321 69292
845 26791
50513 80350
67023 83947
20255 69800
79129 87825
81234 88751
43799 62721
23387 88781
29588 82523
27507 54157
27979 72554
3920 81535
7099 52604
72573 78807
88623 98329
10614 88018
77887 89735
85028 86331
17036 72425
21736 83742
18689 93764
58107 93981
4755 6418
40355 84217
4265 63163
76941 85750
46110 64162
32478 69677
59446 92221
68905 88576
62828 79744
44711 49186
42400 49281
16115 88593
2990 8328
17106 70183
37377 80823
49237 57407
9917 15839
75038 89023
171 50739
48656 90721
17825 25817
44183 60931
8407 8427
19978 38374
34350 88308
64771 64897
80257 88243
73968 90949
64979 98071
22059 36941
4311 30258
36780 99865
57789 70446
33373 92924
14939 93091
42130 98656
38090 44499
42467 74558
26243 68476
12932 84646
22010 66553
13802 91082
36945 77505
60276 92637
9827 49820
47717 89015
9078 74772
9896 65096
12220 25567
55042 80226
3415 38920
24589 37772
30406 69096
7270 59971
8774 76122
62644 89880
5033 44094
3791 10288
4629 29728
62863 84442
28471 74972
8936 40952
26167 60301
48535 65995
69148 87612
38305 81234
47389 74332
47583 69119
6176 69129
7926 89120
3701 29796
1684 64301
58394 67696
58283 97400
59990 85482
62549 95075
3516 41288
47243 91132
30559 78862
38088 92093
21630 98434
46222 74816
71439 84671
38141 49550
4782 73236
5755 70452
63372 87294
12369 99657
48853 71749
26518 94855
46791 68755
4535 18565
9605 75594
45900 84249
33215 40468
65112 73950
69145 77446
51663 59009
46211 47854
38432 69078
38994 95765
11772 46916
12366 67921
6817 92428
28794 56811
43374 85047
42696 67766
34341 34844
10884 98647
9628 35309
10670 20947
93474 97091
40808 94957
21412 62308
100 84456
42967 60709
86076 86852
71639 96654
75284 86687
11278 26661
12379 26698
49403 58528
8343 56006
32977 60437
50968 73048
14338 65904
17670 63053
49823 56825
9023 20333
51511 60764
76775 99790
12241 67938
13458 80441
3531 67718
11680 83155
3967 17255
9719 62883
1815 28562
4489 12712
11329 13524
23553 79307
38405 80437
65920 74023
63624 86563
14817 50762
89850 90454
70074 96238
51480 98438
22905 26054
13173 77936
3835 63332
34778 52422
29174 99775
10483 72144
28790 79514
70366 94719
54726 63885
42634 69010
2100 53060
29450 45811
20084 70415
2185 21565
20621 25778
14632 99876
71775 96698
5782 38443
60616 88724
32361 93227
40994 59406
67753 82696
61364 74110
49756 90526
31267 62879
16980 47432
18401 64307
36860 95054
51444 93747
18968 46370
54535 98011
32949 58909
66122 70879
28778 53940
82913 99443
31578 36577
36031 50582
44362 51634
55745 62216
9551 21086
8902 94572
76581 90727
69785 80031
18868 68113
41249 78703
51778 96182
38636 83927
94775 98934
30757 65694
26140 47042
56624 97101
28930 38182
33274 44852
19335 93726
7379 11496
17588 53714
24661 59471
22467 77136
13136 52043
8994 71739
29342 32929
5293 9948
17770 56014
27592 95072
28961 54144
49931 77039
10886 66888
94814 99145
27589 95282
5968 20685
26832 37569
32244 92795
54487 63240
55055 76065
24872 47497
53332 65221
92 31960
9520 74359
30313 32940
19627 83242
30462 58408
17835 52505
7218 51686
10030 65801
70246 88397
36861 96927
19100 22543
55497 63496
61975 78372
20721 69525
67276 97009
49106 49397
14922 83588
27830 57942
11738 24485
25837 69571
6158 6512
28549 64998
82645 97342
22670 98786
7631 65464
7251 28815
16820 72871
54199 84166
24111 84444
61693 84918
31257 71049
37772 94073
22414 73433
55414 83496
11876 88951
4615 5336
20717 33516
18574 50291
13252 38507
8210 33771
56041 87974
37970 59669
44021 64265
7390 44714
123 98871
4376 78541
60005 96760
4432 27375
22765 54075
48758 70254
20123 96410
68295 83553
53235 58567
20642 55373
49099 76321
26963 31042
9024 41425
1356 13207
88975 94241
22792 88823
46994 83267
52011 99022
23408 99279
1338 34733
42894 67052
19280 64536
16459 72439
41485 63670
45328 60085
74590 86290
13851 24406
5515 20171
55919 84776
25927 45007
15573 84782
51745 76310
14056 36121
35957 90970
53272 63527
18326 86576
30537 61331
14711 36363
13064 16232
50754 85875
66049 98019
21872 49050
24863 41656
25406 78339
48537 82890
49054 60257
71449 95917
80210 84164
8088 70947
38161 97310
55 57981
16970 84756
60315 69077
9184 21802
83769 90513
65398 97429
77237 79554
21079 84140
45970 80917
35826 37089
15923 91342
1078 55257
65786 84462
28446 36300
10593 75344
5350 76803
74142 81539
66798 93298
17425 32559
2870 79226
23349 86854
19978 85415
7279 59597
23461 95535
39386 41384
20168 87357
25289 62097
3441 65503
42433 72317
2984 31745
35289 62307
12651 61939
20812 34307
91892 93457
47836 65837
9275 45140
86503 95752
71429 84247
45982 83881
28024 48023
11014 61000
14604 65692
587 33917
3991 90715
19381 31850
75346 84265
5155 42203
5578 82887
9227 40849
11505 50706
1922 6783
64888 69859
20069 23337
5148 78023
68529 87040
35601 65880
52290 92168
43836 77256
10070 41127
11889 56266
8717 18228
5124 77778
21099 36151
26096 75944
8724 22584
2545 50416
10351 23269
55800 94077
22417 63125
29488 90698
4664 42451
21644 32998
67505 92188
91260 93916
7002 76323
15310 52447
8664 73493
50407 92993
33195 59542
28931 97036
11487 62017
16855 54873
16872 91328
3186 4210
64090 94505
84726 89675
60231 60604
54048 87938
31411 63005
23982 95264
40055 92717
5235 59974
353 68088
92517 92590
78645 95239
1352 76512
10336 44495
55735 78310
69977 72214
4283 80905
82983 96184
29934 88556
4955 48340
17497 49048
22087 85503
18551 88720
2072 77578
32776 90194
29529 36268
63795 63821
39311 58845
26966 85741
25760 91273
58842 64558
11588 25265
52487 97790
1964 31317
19950 70393
25508 92240
2698 98525
15665 70259
44809 90511
39416 70890
7322 17358
7792 60983
77147 88353
28810 29019
7509 22646
83860 89824
77044 86209
34773 85890
46275 70751
3106 44843
78097 88983
29285 91666
1503 40272
44201 69982
4792 39522
59438 71407
53316 75134
17038 19860
12528 62575
55157 94317
32171 94950
40328 76452
39016 68651
36458 87269
57450 59958
3027 98530
13254 87463
4835 53168
17349 21882
19746 86951
49990 72892
79196 89926
31180 55437
10852 39308
33475 58271
22185 43228
43709 86696
12427 77410
38758 72656
20532 78500
40922 79716
24282 63038
88151 93341
61903 99372
63556 86935
4013 51217
12697 56807
11831 81419
21814 90147
10500 72507
15065 59423
11994 22708
27220 88751
3100 39352
34596 89302
16938 26481
5847 94238
46314 70715
63399 85652
48787 70801
19903 37128
49865 84848
48221 98551
10884 31134
26839 65242
5378 70427
43214 44226
12272 86000
14617 21135
14416 76400
45747 95562
10556 54802
29898 79656
38629 88148
5631 94697
5137 39592
8017 21440
29657 92113
24064 69907
4673 24699
54427 55000
65472 80274
8338 44478
67911 88406
16368 45095
70972 93974
32859 51794
11176 67993
19248 24513
33129 52341
47460 56040
29030 68577
19083 32439
30165 43966
32425 65644
28128 37807
33031 42994
9953 24569
20130 43551
13080 32335
20272 78205
10851 68083
62328 85894
9039 29369
47672 70960
12979 88251
68260 81897
65407 68041
18523 55703
13012 59336
62492 78139
293 17886
86980 89048
77821 98457
48690 90623
12548 80730
6652 58238
22208 64030
42464 61535
77902 94106
74117 78942
16221 80329
10741 48315
38399 42633
63171 69275
40580 58875
47420 60004
17568 38828
30632 50955
13997 58282
32649 70265
29779 43408
37458 69001
66734 81000
1649 75460
5355 44604
37055 69110
43849 47454
29091 41050
11235 15359
23769 75100
83573 99532
20409 34338
19539 72022
62421 78860
59960 74984
7378 26452
11106 77845
43126 86930
36737 51063
47058 56063
71806 87988
7249 54213
14867 93323
47367 93266
5681 90793
6377 53261
31632 60345
39004 65462
78604 81613
7025 12015
19612 32402
32735 34055
48029 78731
5118 35947
50032 82759
20840 78201
27622 55069
471 31100
73699 88356
9362 55231
43773 83784
19242 59711
16573 55058
75934 86116
18493 27058
43925 83463
64610 70072
24518 62015
927 54636
69970 78744
15932 82569
36384 53645
78244 84004
32039 53225
10195 54484
8415 20543
9224 29125
31158 96565
14049 44087
59705 73647
48164 54312
10575 16956
23243 64196
9281 69586
8367 66503
10032 62090
81149 86572
16930 79008
15504 36257
4317 39183
58526 74834
32957 99102
81594 89402
59366 99573
23753 36379
23096 24371
22185 93814
25583 62148
40250 83845
58553 90904
72613 98104
32107 57189
78500 94739
67253 77917
7590 16631
63509 88889
60021 91153
1911 80773
12001 81032
10371 44383
12613 18316
78184 78637
52754 81243
8297 72636
21067 61028
65474 67067
54574 87589
39313 96353
53203 60061
13589 32068
43397 53506
26833 36658
25700 35923
22344 24607
5129 16395
45888 48120
49282 86883
1701 26596
19036 86501
14589 41997
1023 84768
36645 81856
39087 48774
18954 32144
535 67788
67056 82609
11405 33935
21240 40358
34034 68374
73106 91544
6423 27340
49331 81829
48020 51001
49357 78310
17858 33802
33580 52430
32389 35760
7821 25324
38807 50711
7498 66600
27497 83148
44349 81054
61120 81698
34427 63425
51916 81591
23652 56441
13969 50359
65374 69221
13871 97595
43195 81446
16487 60658
34430 73982
34607 56421
22785 65684
15672 30887
77545 97303
26528 55842
56202 76966
1184 83334
1607 4983
1625 36644
47654 59311
76857 90556
20068 79424
17995 73274
59952 72592
29532 55048
19495 32487
12236 14639
8053 98377
84180 97481
29981 63483
38287 73116
24907 39252
57142 77019
62086 90741
49613 49847
30126 36818
68992 74868
23766 33265
53790 68159
46192 52949
47484 91062
36744 98103
72735 99991
76647 91571
73223 97743
2593 26090
39738 72246
14269 65437
9867 60654
3813 37967
31727 83192
8482 62489
38522 52745
36087 98843
35207 56360
3799 50043
35568 67446
14123 33746
38013 88729
52825 66769
21829 58324
54968 76574
33608 94632
53283 66490
30819 82951
47617 98156
12689 25236
3552 51466
11149 70392
44965 84369
20825 84980
43805 98172
49193 54421
16636 74490
5067 31732
70862 91851
13404 19767
42398 74581
11994 37997
44022 80280
43364 76621
64022 96351
45268 48846
72517 86574
41376 48499
4679 79365
35219 89358
1589 51430
68785 77104
35805 54916
10860 72063
69835 76406
10219 60382
38383 41950
7821 90270
31410 37190
28881 51056
1522 24551
16240 79496
39352 98723
4070 49412
29577 38115
387 75295
53111 89108
8730 57735
38286 54630
22768 63103
40902 92209
18000 92274
3104 7907
19221 43661
28668 85146
61648 81896
48896 97222
15455 53219
53520 72981
21193 73813
449 48935
67116 94348
66670 67702
12095 38602
14241 38687
26085 83916
9984 15016
62934 99960
33376 44507
40086 51080
75288 96366
11750 85099
59506 79445
18663 69762
44100 78779
17606 52466
34049 48823
1619 54534
45476 78404
14963 92830
39034 77750
11787 27943
58633 58992
36034 76925
26856 60682
49645 55721
71320 75874
22874 92661
8496 47630
11545 49737
80694 82781
13662 61613
83670 86395
10678 56836
14148 71147
31041 34548
23856 81608
1796 99352
20349 76579
42471 49013
17606 95852
12497 46215
16825 99781
6468 36424
31273 57342
2125 90000
39175 91412
49618 56222
79786 94096
81788 95361
11114 70098
16087 27243
67315 71187
61500 89999
39486 75597
12398 91640
9135 79932
31112 49102
27271 27420
83851 96916
67139 76069
50277 98440
50663 65783
82876 93056
27917 76890
74494 75839
16587 98980
73848 83392
12856 25150
13472 98390
54618 69450
34707 98074
22654 23761
32778 66695
13522 23366
13610 31905
47003 94456
21634 96083
51879 78823
33108 90669
19112 42374
16364 54311
17763 24056
22152 47739
3944 57348
28223 55508
3121 33427
37843 48179
38035 42942
25363 46503
16539 89942
60376 92524
33255 63904
4814 47200
20590 46527
11221 65588
10569 17329
52161 53299
25300 45354
45964 96729
83405 94066
38032 52240
7958 84324
38474 91754
38643 97176
51959 53445
32403 50654
10436 13818
27054 57529
33751 56166
5694 90762
51259 63541
14689 81521
18655 82444
655 2974
66966 84084
21091 24173
2297 91422
17860 83002
7547 81635
43677 89417
3411 88839
62669 95178
19530 53283
72351 81020
18323 38662
19675 49661
56277 75587
44091 59596
52202 84287
50118 79225
50345 75445
22097 32757
22434 47062
54947 76846
49146 56022
67865 85301
12050 67825
2048 84748
37672 69224
11995 58518
42009 96789
59930 71770
90397 93166
15819 77909
26479 53548
12872 30093
72577 86965
36440 96496
74324 96307
18238 60521
26873 83367
6352 99241
82358 97678
36548 49744
24529 51335
50008 93371
48963 99121
20518 59486
266 92469
38614 87692
27441 49187
32503 88625
5754 93723
1857 69829
14139 64909
6935 64516
24088 46028
45548 59206
11666 40703
2341 20168
64197 68413
50638 92079
16257 47190
21365 60010
36905 46187
29799 31796
29889 87751
35841 71396
592 10087
16510 22083
81798 92047
11026 86801
19299 72336
4394 43110
4315 66530
38664 56112
74945 93286
75456 94136
11850 92691
31795 82875
57200 65235
29468 50861
35819 63902
33032 88901
4708 28518
50223 50413
61851 87930
1118 41005
32609 39171
54141 91094
6326 25457
29884 87742
38781 92612
306 87117
30682 56422
16543 41437
3809 86969
59601 89186
63588 98897
25966 49182
16906 67194
35130 45661
86343 89039
62970 98319
28706 60676
60295 67335
20569 76131
44358 91090
24478 87490
57491 77701
56320 59285
11810 33381
93054 97912
61030 71493
39861 97834
49236 82920
18328 45020
59596 79768
67291 87025
82281 94957
36549 90946
64141 80960
62451 66623
49653 55234
6476 45628
36887 64639
22733 83378
61788 70880
5416 48402
23719 95965
8915 22010
49943 79309
20774 68169
58620 74841
39812 54583
38595 79730
12452 66544
2446 91675
56663 56949
33513 35924
38014 59926
36875 71535
58300 97543
22317 53208
35088 71288
3053 10935
13157 36999
62037 77123
9810 89316
5838 90238
36202 47503
54622 75716
6308 79093
25614 39827
32256 76321
9748 80946
20909 28800
5112 35590
44008 69890
34126 37343
46288 93957
27808 79878
9192 44486
3563 93544
15154 17374
58593 88246
43904 83572
18144 30798
19076 33725
22415 77835
49464 97536
10131 65215
2230 20916
21579 70157
10271 47407
63452 99281
6736 35222
5948 32424
2861 62790
20500 38751
19871 92597
57294 79110
52957 74925
32460 38535
61734 69364
37943 89923
48171 63467
29017 78235
69455 76538
15725 35380
39422 97015
4168 91763
59767 65178
24420 43577
22856 42712
41111 81555
13163 15936
51718 53582
38423 76420
37256 49189
66242 78719
13358 40248
28587 47992
70081 84097
29902 59122
59214 96668
50096 91065
20474 34338
9102 70025
58335 64036
21005 25600
13385 24129
19660 23465
8214 41516
51615 88727
12862 92731
18214 22696
26473 91904
27212 78804
55825 91611
21891 32964
25533 75534
30939 53548
14459 95467
24989 58998
13334 76783
15390 34646
5151 29774
41173 83589
54359 85064
18431 24282
41715 61629
1519 3402
41195 46266
47079 93048
16959 91667
24432 64573
10745 49968
66635 85752
53220 78546
41115 58686
37946 78529
52968 73169
33572 87778
27697 53056
11352 14364
20830 57201
44308 84475
23946 61869
8417 11755
28169 74205
12770 21739
17369 34394
46363 88649
43860 54816
57216 94658
56995 99176
32533 89140
4203 18950
19971 56275
13603 55495
48663 75048
53136 62955
3604 6236
53512 66087
83029 98281
81255 91100
6388 90977
21337 50251
56358 77900
28783 68097
49580 98544
84080 92057
22146 58904
78342 87104
2468 73479
3444 66163
17734 85742
76317 98365
36145 51689
16500 96813
34273 94328
6620 86626
39395 47995
62215 86794
20574 44853
44922 84667
50075 58120
63745 93139
44253 79078
68615 98130
27977 91580
53390 95548
10513 23867
46806 91046
34136 62574
19462 99117
6235 70635
15437 67604
15363 97132
8627 72130
26871 59795
36390 52228
5375 84554
15972 43782
91896 94477
28420 54018
22946 68114
23795 87067
9847 84895
13652 58400
40429 93911
52100 56362
84794 88176
14992 61838
13149 34999
26626 82159
66328 81610
10210 45280
10685 90543
675 43222
45217 99588
20676 25077
36534 39988
34756 90081
41470 71380
32434 63498
8556 34034
30237 47927
14475 57303
70905 81242
23972 30281
9504 56509
31999 50743
23486 53276
67477 88533
52212 92092
22842 55317
617 79999
3763 91926
10297 46802
65673 80493
43112 52195
33767 62929
23274 73693
13816 31829
1215 24916
4586 46606
14521 79794
16847 79351
47614 76111
2592 61094
44561 46142
57924 84432
53964 82811
36482 93805
20192 47742
26962 77637
1313 28943
38578 45043
55445 98034
11256 42032
26584 47593
36865 58150
63057 94142
48997 72853
8205 12589
18260 33543
34329 86616
16453 50853
25160 34244
53486 72622
34615 94071
53875 86405
5194 76010
66576 90232
9481 50567
32221 56800
61282 80395
84204 96678
52941 57182
24727 39356
14078 25239
8353 96866
11865 18985
38169 42728
15222 68673
5535 41656
1005 46504
85800 89354
18481 88776
6513 81192
7365 45676
33824 55668
28988 73375
30895 87103
4125 24189
74443 82017
92299 92390
5003 49358
18818 32799
16860 72393
63918 75501
33027 93139
21594 73007
27511 56791
19781 59193
77611 98906
34524 89370
20197 50907
40669 45890
2691 47932
4305 69177
46612 75075
71034 83641
43837 48559
65999 68226
2677 65557
31011 90497
2307 31745
608 2438
11902 69462
18138 97651
6834 27108
59767 96694
89761 92171
70642 90393
46393 72383
49816 81496
54707 94164
1529 56731
8441 64989
91868 93534
48654 51241
3209 12988
5788 90853
13022 86826
1776 57249
22883 67121
84850 85436
37086 77860
15775 85469
36327 92314
7829 20054
75947 85316
47095 78554
50328 73699
29837 36350
42237 56825
75573 86058
28333 58279
47742 67613
24533 33594
46828 94603
55177 73791
6626 58369
53681 96233
13490 26868
20204 81162
44606 82344
22443 39956
21881 31763
9273 46845
2883 13674
32340 42280
30691 83068
48568 70610
18757 56521
43251 85685
4305 51920
45977 81980
24316 62168
39311 43146
66277 88005
29938 91395
63991 68053
7666 97878
3324 95674
14747 47312
5046 43850
54777 80802
20950 85978
55984 95398
69657 79366
55565 66924
26530 56825
13011 85934
13239 74155
63290 91586
8988 71872
40126 40997
8272 62319
29821 81873
69898 88963
69345 70296
10877 76877
32128 50776
4115 70659
8536 36896
20233 81662
2334 98367
16191 77113
42029 80431
17254 40748
12278 47843
7231 43844
50184 99022
55966 89324
6727 96610
17465 64960
56781 65152
35598 43031
45577 97271
24492 26508
19338 25409
15780 22457
453 97983
55098 98170
24994 72012
15950 49799
36612 96419
18520 28420
55550 60591
4675 81320
21094 66161
72167 90800
42781 95517
74927 92376
13584 47435
32077 77667
52416 81072
28764 78516
58143 85706
11377 80716
2240 8794
42663 62052
20521 56966
12287 14465
20354 68971
40910 60712
47665 89159
64800 74199
20666 56975
50147 61161
8107 60716
46158 97129
43030 62940
35689 73560
31716 38076
27459 71043
2704 15502
31704 34826
44066 93822
62749 69622
15623 38206
36926 80351
31242 86277
22839 30516
9019 63757
17118 95587
41611 91901
67639 81625
49876 53222
50909 84318
17569 47821
190 32761
43200 89753
32383 63002
12941 24964
7438 49592
3504 62071
10408 31158
47075 88548
39142 41572
10644 98385
26217 42552
33976 73639
11931 69616
11346 79573
52091 93787
33605 56111
12322 32085
70026 94686
47613 91074
76733 79723
11434 46598
11137 21177
86107 95741
67242 86035
42461 61938
36405 98285
24955 64857
34980 42636
35964 86369
2654 84367
26958 74817
14388 43603
48955 67455
77303 79613
5450 67136
10555 57123
27171 90787
25300 56041
52358 80196
17034 96545
34035 75470
32173 74124
14354 26408
29278 67327
24934 70403
10134 35269
29625 61814
16437 80473
78125 90284
59952 62248
87973 90349
32043 73730
26612 98122
21001 69718
44125 50571
40526 83677
86652 99516
76435 87041
8251 31152
11142 41844
2362 5781
82089 99759
21418 77187
40137 79730
3365 56923
77085 82308
58394 63098
82579 93419
3130 29765
42882 78849
23183 91104
2741 59030
88565 93727
69073 73987
59872 90231
11109 45329
40676 76288
43313 63642
32309 83635
36470 54644
3999 87265
50510 75339
2423 86884
17286 95741
9112 36865
13134 65415
60926 93988
42701 84350
61559 88186
13555 25844
33218 62471
18219 59596
55443 89476
56086 62100
72654 99675
33771 92563
18882 32313
19888 91126
2692 79792
688 54926
10505 65080
83529 86069
54210 91547
21942 31199
52534 63183
40598 89523
36048 77026
12305 71860
9709 23805
2611 6263
32876 90373
3641 37862
59807 89025
38324 64417
32193 94762
32668 42240
55257 85562
22906 92125
17134 59744
19535 73622
34113 41030
2981 23273
14813 69917
79628 80339
5856 82091
30969 94025
2987 27365
5361 98981
35967 68582
35646 49487
43088 95320
54599 71040
27555 76269
8787 20231
65864 83411
44836 89842
76515 85257
55587 79224
4393 55812
40172 61671
3163 45774
30259 50559
4259 82871
72147 89965
23665 75763
1488 93559
9983 94644
50758 79195
9188 18756
46083 68659
19825 37916
16191 26412
28098 98480
24072 43154
34806 79166
62012 70297
16763 72135
62317 76605
17530 43100
22451 74537
52417 89918
53399 92855
79403 97295
14889 25974
3460 52120
31055 64369
24387 45249
23638 71707
1180 20587
62473 83579
21869 94966
74977 94799
2161 14583
9007 68004
80759 91290
7068 93870
4701 23348
25180 25410
59595 84008
51478 83855
2037 70531
54266 80756
14040 99954
16298 38100
12078 64214
14590 52407
17509 35941
2727 6314
57433 78704
51147 70139
320 49944
27405 45191
76924 80114
8954 66270
15147 96706
58817 81483
31689 56883
71071 84969
27883 69164
59084 88978
12130 79892
72880 90615
9823 48648
94520 99190
18409 63157
39681 62450
34805 99970
38167 94941
81866 95439
6843 46728
66887 68207
9567 61778
11641 52314
89935 96140
25861 45085
32268 72054
44587 51631
21902 79817
43597 95498
55631 62355
14984 54315
23473 39890
35076 99885
57098 71927
59609 78066
23989 83225
8866 25731
60405 66862
47322 91750
31905 94755
31485 35661
98797 99446
26258 52160
70702 90112
53213 80249
34658 81327
477 13948
29876 55080
12454 81426
39895 96363
45990 74769
29628 84272
36342 54641
39043 81703
3026 68964
22348 34707
30720 75195
59797 97589
34206 45363
70941 79778
91017 95535
22874 56746
37225 70039
36912 59966
27655 61855
9410 51371
18582 91331
64225 70885
23264 98436
38887 99958
31035 56786
47314 89902
81186 90000
70823 75570
70132 78686
19885 99496
47175 93544
75315 96382
86455 91920
62040 84747
64276 85369
202 92293
1563 67515
24126 50002
32838 65416
10311 97760
7810 39289
43406 50535
71841 90952
25271 77378
88741 95322
2041 89972
25253 38304
51811 98974
24371 31801
76613 86752
41230 81525
48039 62563
21982 23808
10310 34838
32614 81622
1153 67982
7120 7945
38279 86642
69229 79899
53701 88145
8441 91652
20372 54885
15796 38893
2821 90916
60963 70775
57934 92720
39429 76409
20848 67812
61917 65679
23063 74837
17503 68999
26292 49526
28540 62215
37446 65543
672 63924
13116 42180
40291 56720
81343 90485
57375 84113
88039 88256
72 18515
71826 76769
40770 80234
66407 67520
15138 55867
12009 42854
18530 96583
60936 63340
60401 76418
16066 79843
5208 5978
76967 84965
43008 50654
72748 87731
50562 53347
24975 47155
41852 79381
63339 69745
22759 51306
11778 15954
19737 42069
1744 97412
23233 93810
61676 85213
26261 32315
36450 99685
58469 91196
17029 89765
17473 42550
20717 22542
94397 97471
2796 28304
13732 59326
14529 92280
69973 71864
20570 74895
24235 68838
22829 30834
81759 89011
41186 48488
35600 80220
38828 51870
29860 33715
14589 20036
13142 13868
20554 68558
2111 91659
54482 60279
11720 51411
19854 46371
73786 81234
4329 98566
21081 74031
8957 28563
28064 82059
12186 68988
12167 14445
65045 71213
2261 5094
65950 88894
23920 89545
63432 72723
38964 88415
10050 60856
12065 45767
5536 31005
54471 94326
63971 82684
25549 74232
33461 59813
24143 37446
28006 86503
9007 91798
31257 37778
25755 96800
45358 82282
84537 85693
13610 83516
3594 43525
15523 58983
66438 72145
3289 88174
28042 31435
16552 53045
51635 87348
16401 66474
1298 86508
13972 70844
61399 70298
19227 97557
58312 93346
13092 47609
5285 47789
10237 44419
899 62835
49276 90061
4453 86596
4802 51164
32469 87718
58105 70336
7991 71554
70040 94893
41068 89157
54701 94975
79180 82010
40954 46149
66747 80353
4236 14617
56665 57385
71104 79427
4977 43290
23847 24710
14993 71852
4374 90513
67336 87259
5211 82455
2763 16181
32323 52570
12141 87269
56352 90476
62471 75549
33885 67473
75081 85597
16075 98770
8854 90126
75291 96778
44710 73786
21514 40526
8129 25669
45566 63873
1421 92820
68249 72381
2021 70565
33759 74606
65726 91757
12975 40243
61943 78932
22111 27365
73987 76449
48172 83658
81922 93737
74021 94243
54373 70410
68046 99954
29682 93056
27784 60185
64160 93303
18141 34013
15416 69459
40116 42881
14485 24990
39399 95012
40861 81440
16260 93884
37973 72582
19601 40869
6049 58552
70200 93936
39788 70229
64058 66134
56531 67627
20013 21375
47282 91904
886 36027
572 95267
1139 12293
39719 76219
74449 88600
34166 76487
21878 57605
19565 98219
56828 81282
28496 80098
9032 31927
16107 95201
58359 63392
16730 88799
37447 69765
79500 91071
7129 65354
15014 20492
81205 83283
64318 86051
16338 34322
26712 80031
28840 96441
20105 41623
45002 57786
48187 60631
56769 94713
29784 47470
14726 58050
50529 79442
46510 59364
12491 53333
59241 93700
54259 75806
96461 97867
82353 92397
8307 49496
41125 54510
47413 75012
73051 77228
34704 78220
26853 87652
46788 68025
20152 56493
451 24730
5872 78780
65898 91389
27029 51894
84783 92713
23325 70593
70176 99789
25104 91673
47695 94107
77822 80386
11600 32003
63083 99415
87670 92853
75525 89557
38370 97237
45178 95866
55905 61638
2073 3565
1003 28879
12822 72113
30593 61160
20082 51926
12414 72209
52043 78486
802 62794
731 65796
54931 86606
7489 31250
92247 98770
39414 99310
35385 61904
22598 54711
90076 90471
840 20195
20159 33288
1892 64167
831 96012
53957 73300
31516 78460
71256 93545
67223 87678
29649 34158
27517 32334
34186 60223
75134 78505
8580 80341
18537 64794
55158 71450
33236 86563
1540 78181
45279 68390
18563 56353
43805 86452
6724 10560
51611 84980
39072 51521
60183 80611
49491 58435
5222 42753
9644 63841
19267 45254
34613 62093
47751 54917
55608 90589
45142 51864
2173 7169
46332 98519
83467 99041
9175 39752
32747 75084
79452 86881
3301 32936
24715 65111
67787 86586
18828 77516
60289 77761
37928 84570
23830 75282
48250 56069
53515 68263
19098 99358
22171 34839
31859 61271
76683 93404
2986 69144
42257 80528
76285 91984
71391 78065
51671 60374
54043 68657
18431 70016
67515 72274
10605 84788
90046 99497
55249 70622
23920 78169
54570 78916
53247 90528
61691 89164
39532 63957
7545 42126
14908 86763
59312 75994
50610 99889
53347 82607
61683 81691
44769 46304
48320 90366
33292 45787
68086 90440
9388 81614
81450 97831
66996 72743
60692 69450
23523 59591
1199 29142
16232 26533
75477 99169
27062 77763
31124 34039
9056 31499
11251 88885
12319 20780
57770 72072
35883 82043
23008 90167
60972 63695
7773 8204
37865 77952
17403 98179
5967 13575
30169 43284
11812 48243
25698 25864
45057 94149
35725 91057
78598 88232
6571 62308
49311 66691
37019 75856
1145 55152
16709 26235
10147 89409
41491 95909
26048 79777
38782 65244
55067 81102
2890 64078
25096 92896
36586 98789
25529 63143
10272 59641
8092 96006
1879 89870
55215 68054
64795 84747
793 10169
8765 61651
18692 25382
32127 76336
38260 65985
93850 99266
37885 50893
17392 66848
23682 30251
23324 79754
69105 81774
24396 86823
47413 47847
34121 57700
22870 81836
4752 79076
52821 60359
28243 83161
834 27958
38633 57911
67527 93034
36653 39498
44038 62218
86471 89178
32346 89987
54243 90246
4956 69560
14986 41709
47633 96271
23595 88582
8546 81062
15510 21366
68993 97872
23731 71527
20703 36338
38045 45898
44761 66801
15487 92278
72763 80643
34477 47155
33313 40296
73339 87339
13350 60666
38929 62066
48391 57266
2163 27586
74847 94347
26224 68621
43945 81938
12653 82579
3734 19477
31413 79757
22582 53156
66979 99356
26236 60810
33312 54675
39424 91716
17274 18076
25871 45846
39666 41958
5040 37043
17458 21649
28116 81146
44695 97129
48286 58187
7186 97721
5602 45705
7524 61068
78167 82908
11096 79558
40313 85792
28582 36904
59994 78071
26406 62136
35042 98767
29482 37292
82691 83645
47754 72209
69899 71104
48956 61850
52706 99257
26627 82039
12607 75365
22440 56675
35793 71402
64178 93694
50835 65633
31485 46411
25353 75133
31939 51714
53607 91999
35446 45138
87115 96255
41532 59683
1684 36108
50241 97713
5825 93865
39298 91345
11701 45751
9644 44947
13116 21090
16824 69207
60492 93674
56246 94616
24577 47656
24205 52531
28850 80406
2837 80077
19956 41188
15125 15202
38188 92602
1982 97662
35832 59067
60999 93139
41642 61313
50810 87827
87796 93304
95168 96281
42326 70603
38314 65778
16986 65924
42957 82397
41194 47746
103 81021
23947 90586
12958 23491
23196 37340
52808 95914
53385 93895
20172 25171
8676 63274
10755 80998
48772 64392
44753 59165
12320 19083
40682 58504
38397 38929
4331 34837
21298 91744
43256 98024
21018 65724
95877 98941
6345 25604
81344 88253
69933 90426
12591 71909
50528 87092
25414 90615
29308 94968
34155 44032
20249 36400
19839 90774
56412 99093
27921 29527
4366 45922
57211 61869
32974 73729
12359 69648
23916 40162
31273 62488
54214 78944
45740 48747
6790 39506
59498 97045
9663 59952
50539 63954
13947 43841
35856 78326
1054 73319
54301 60353
68784 81686
14034 29496
44151 44606
42844 45641
45182 45317
53530 88975
11844 85055
17170 31523
6996 95063
47045 89753
28527 34280
26272 48891
24169 61873
38999 73052
21644 67774
70915 74351
90249 98541
44181 46709
44335 73462
51565 67711
92663 99630
30537 87402
2027 98014
5268 27764
29274 67934
49327 67544
1307 60345
38258 53964
25929 38025
38501 97823
18538 75115
16437 61630
53984 74748
29123 52631
13625 21173
57903 60407
16578 37908
54742 98847
68549 86405
592 23828
37011 55825
10706 53824
13036 24802
76475 90391
39839 52403
22130 88716
46384 95257
35868 53934
24838 57071
34820 75951
42621 90543
39261 59830
69886 80169
28402 29431
11293 45539
4161 18600
39973 68921
51172 73556
62370 62693
64679 80724
5844 23127
51283 69425
25701 65920
41375 78828
69970 87010
45412 90827
4382 53356
57550 77230
6447 66958
62630 95233
1948 38327
26763 34710
21797 92031
4651 44434
33078 87719
4282 16461
11869 63234
48971 49016
46160 88077
10342 77140
4010 65358
54205 82133
24429 59178
77527 84669
65269 73579
2901 79464
31587 89623
45296 80994
28128 39555
3607 25843
38268 44854
17509 96512
4861 44480
34948 53052
20827 58314
52894 92099
69273 75629
27719 43096
43596 49156
60400 84489
34862 90799
15453 16482
60381 74819
285 98317
31494 93322
35700 63083
61626 64042
1644 70492
20133 33649
21388 68373
26993 69911
3097 9986
2397 85401
44830 85841
59454 98204
28934 53147
57700 84178
13693 66829
54783 69137
10998 78423
77990 88509
3419 21119
2000 68882
18541 99096
25216 65273
34078 93986
33497 95081
7494 37946
55577 67359
12129 22735
39700 56888
40546 70384
63292 91334
38986 49509
66855 68866
67233 68661
47997 72286
62376 96319
56850 85298
76757 97811
8697 32663
375 24386
88862 98455
25736 58733
10416 26725
54255 85924
15911 16279
7914 58876
2855 96430
32997 40042
36308 87005
43413 88423
7269 37143
2968 36455
42363 50272
12486 65672
8259 23463
22122 78903
47224 80940
82303 99820
14235 45039
73032 76667
36215 41894
3393 27266
35106 71166
66337 77815
15456 15490
62403 67839
33369 53513
31914 82476
3707 27701
21819 32333
3229 55435
4347 7763
2326 98829
41773 69763
7921 56605
33463 37707
40628 46283
95576 97373
75915 99223
67003 94064
18956 31913
650 13247
8285 39581
18104 96419
2460 32757
58702 94457
41523 62124
56016 60780
47001 62478
35367 90150
1688 56708
23130 67594
6936 30585
52798 68960
9031 76488
73148 80237
13029 79324
10577 20753
55228 87544
37753 48259
13204 19110
9364 40118
24072 31661
63215 87492
45088 91339
11512 51778
12992 62224
11676 72508
20954 62561
57550 96299
19939 52826
17428 88273
12315 34731
12673 51264
48318 60337
22605 99981
22021 80873
28200 81133
13552 37632
23202 42699
16576 68054
3448 96946
26302 78431
32171 44860
24226 50441
15573 40941
26361 73370
31010 78546
13569 49355
5500 73271
4819 70148
20959 62177
43904 44384
54207 82308
39400 65214
26578 32843
66772 69652
63471 86982
17307 66246
32957 82721
45031 97088
43614 80288
67490 86506
82724 93161
2642 58429
6125 17753
47966 86452
7755 7961
26265 51673
36149 42083
21515 63915
70508 99500
64221 70683
47410 73492
37683 69006
5774 43405
2491 80203
14637 55007
30975 35462
70626 76726
80381 94079
81001 83625
14951 69112
30586 54877
21088 93528
13349 45197
67248 81663
22761 30582
10679 47719
68482 94762
47432 84449
38715 46059
49637 54728
30350 31840
12099 31047
17650 64528
68816 79717
38974 79875
1387 32737
49839 51876
231 23588
77892 86972
70281 84222
83456 95422
13686 44492
8940 33605
52923 64358
65202 88916
12802 50121
41571 45944
6212 34579
50377 94531
68448 98267
47797 87097
48937 51747
10936 70483
21559 79696
35049 95643
8076 93716
21862 86800
5641 19912
17926 28662
9712 30189
30888 68480
3074 85562
2442 17183
20347 28674
43984 56315
26598 40352
24989 47563
16587 81594
2068 20451
12408 24769
42845 64562
20829 66587
57210 65704
23555 43944
51663 96665
21542 92107
2317 4658
8341 51803
19867 68567
20136 22807
15863 32939
46152 87108
17298 59270
94730 95128
34567 80209
21984 73812
15863 40820
373 10365
52455 57861
20453 44921
12547 19617
1529 42282
2150 48508
11941 58467
57087 87376
5116 83635
13885 35021
41778 79091
2310 74804
39362 43765
86440 88952
17013 91728
10216 65284
52656 70272
22969 87863
2730 76624
54734 83570
3737 17143
65912 78099
25142 83327
12920 83621
25526 85541
5301 88680
21596 90820
34567 35437
7087 45400
29398 71675
26046 27684
56248 83917
23384 61816
32056 88744
17368 91562
30415 79227
67806 72051
5778 71815
1826 6083
51128 56716
1520 5617
15299 80821
89563 91639
4019 77896
10955 46881
12603 72328
7177 50174
70509 71391
42928 59250
37836 54297
77538 86011
8991 22982
19339 44205
15610 51405
7973 52767
26820 82168
11360 46105
60059 87449
41690 56935
13156 95557
38222 73655
17634 68826
41235 90107
67689 83463
54828 93480
53952 89642
64171 66556
29331 63233
68546 79986
21766 55106
32684 44088
16265 19383
78556 88591
38896 71142
11665 86115
62033 81907
23058 91749
28890 80439
4215 87292
29091 61490
81515 87961
5887 81484
32900 94288
23533 88964
5347 47962
46741 98779
43904 60656
34846 99982
50691 73216
96282 98902
10017 59758
15711 31561
9001 96050
36315 57368
94465 94673
51773 64384
27421 46393
6360 41506
3467 71839
30734 68426
851 21137
44990 72351
47874 64831
23526 99754
53660 84145
29861 65522
62383 74793
16748 46705
22277 25032
36640 94881
43702 96679
56593 86650
79224 84639
17832 57133
72482 81365
67477 82587
53806 79547
24468 80419
2914 45376
95219 96031
38490 92002
79878 87032
53968 55684
23078 52734
1463 86389
57325 97138
39407 89573
24798 33131
31691 89203
15899 22002
58107 80255
32258 79145
4630 54440
40699 95493
54409 69829
43335 49806
11255 58413
85365 90917
26274 59767
1347 64589
19001 49814
15471 26485
50352 91909
22686 68564
50137 65549
26143 91845
77454 98968
29756 79199
21783 25425
80043 88170
50618 86616
7743 13959
10807 35678
12832 55317
20168 28906
7970 63471
23924 80121
80380 87532
87746 97878
22496 84137
41487 80826
5015 79388
29378 96476
27770 48409
69326 79501
17927 23714
64290 71631
32643 54158
6610 89799
55161 72202
26974 57061
36887 64353
22285 73942
77168 89016
20868 79730
54800 62053
50249 87624
57144 92559
2070 46856
2111 80821
9214 61311
14757 83938
18633 53857
14887 55746
9834 56668
20968 49533
38894 68567
62485 99019
83942 93108
19244 80645
4792 32831
7855 80579
94339 94545
11137 74170
45352 99113
59576 79244
35636 94425
33423 44934
15844 41493
37721 51595
1650 12086
59861 62075
12300 15311
28087 85068
45435 58333
21850 96907
17377 18748
22875 66148
1928 85695
4482 96464
59397 98939
34830 68000
37313 46821
12653 25283
37954 62246
56441 67375
67498 81526
45282 55304
25593 53371
53374 87347
37189 54542
19073 58481
18857 96250
38078 39498
42258 97036
16434 79123
24675 59593
34360 91813
6212 67998
30054 47033
62596 73804
8768 62911
42525 73245
38446 97460
4884 35313
49438 87425
65558 83674
69751 70307
60853 93977
1747 85175
16998 67355
85666 86584
82334 86184
10822 62122
63750 76967
16758 53997
46950 52282
61084 69427
25513 88141
2398 31050
50397 79659
17185 34121
26062 32497
35146 91566
3348 59311
22670 64043
36769 79409
2646 96173
32937 85903
25523 52272
76299 89548
46041 91211
22403 23316
0 0
